NACA 23021                                      
 Alfa =   0.00000 Re =        0.000 Xflap,Yflap =     0.000000    0.000000
#    x        y        Cp  
   1.00000  0.00221  0.57933
   0.99153  0.00446  0.38114
   0.97767  0.00811  0.29132
   0.96235  0.01207  0.22414
   0.94559  0.01633  0.17068
   0.92750  0.02085  0.12391
   0.90824  0.02556  0.08208
   0.88803  0.03040  0.04392
   0.86707  0.03531  0.00820
   0.84555  0.04024 -0.02486
   0.82364  0.04515 -0.05619
   0.80145  0.05001 -0.08628
   0.77908  0.05479 -0.11494
   0.75659  0.05948 -0.14286
   0.73403  0.06406 -0.17022
   0.71145  0.06853 -0.19701
   0.68886  0.07287 -0.22358
   0.66631  0.07708 -0.24997
   0.64380  0.08116 -0.27636
   0.62137  0.08508 -0.30286
   0.59902  0.08885 -0.32942
   0.57679  0.09246 -0.35643
   0.55468  0.09590 -0.38341
   0.53271  0.09915 -0.41100
   0.51092  0.10222 -0.43868
   0.48930  0.10508 -0.46693
   0.46790  0.10774 -0.49526
   0.44672  0.11017 -0.52401
   0.42580  0.11238 -0.55314
   0.40515  0.11435 -0.58221
   0.38482  0.11607 -0.61178
   0.36483  0.11753 -0.64103
   0.34522  0.11872 -0.67071
   0.32603  0.11965 -0.69992
   0.30731  0.12031 -0.72907
   0.28911  0.12068 -0.75772
   0.27149  0.12079 -0.78630
   0.25449  0.12062 -0.81439
   0.23817  0.12020 -0.84213
   0.22259  0.11954 -0.87018
   0.20778  0.11865 -0.89898
   0.19378  0.11756 -0.93355
   0.18060  0.11626 -0.96989
   0.16821  0.11476 -1.00169
   0.15658  0.11304 -1.02735
   0.14564  0.11112 -1.04459
   0.13535  0.10901 -1.05348
   0.12566  0.10672 -1.05230
   0.11655  0.10427 -1.04223
   0.10796  0.10166 -1.02249
   0.09987  0.09892 -0.99365
   0.09226  0.09605 -0.95670
   0.08509  0.09308 -0.91171
   0.07834  0.09003 -0.85928
   0.07199  0.08690 -0.80094
   0.06602  0.08371 -0.73641
   0.06042  0.08047 -0.66773
   0.05515  0.07720 -0.59454
   0.05022  0.07390 -0.51859
   0.04559  0.07059 -0.43915
   0.04126  0.06728 -0.35799
   0.03720  0.06396 -0.27598
   0.03342  0.06065 -0.19153
   0.02988  0.05736 -0.10694
   0.02659  0.05408 -0.02180
   0.02353  0.05082  0.06297
   0.02068  0.04759  0.14778
   0.01805  0.04437  0.23163
   0.01562  0.04119  0.31495
   0.01338  0.03803  0.39662
   0.01134  0.03490  0.47674
   0.00947  0.03180  0.55423
   0.00778  0.02872  0.62854
   0.00626  0.02568  0.69974
   0.00492  0.02267  0.76585
   0.00374  0.01968  0.82624
   0.00273  0.01674  0.88013
   0.00188  0.01382  0.92549
   0.00119  0.01094  0.96130
   0.00066  0.00811  0.98620
   0.00028  0.00531  0.99867
   0.00007  0.00256  0.99777
   0.00000 -0.00013  0.98246
   0.00008 -0.00282  0.95162
   0.00033 -0.00553  0.90264
   0.00076 -0.00826  0.83441
   0.00138 -0.01099  0.74688
   0.00222 -0.01371  0.64197
   0.00327 -0.01641  0.52230
   0.00455 -0.01907  0.39386
   0.00607 -0.02168  0.26389
   0.00782 -0.02422  0.13758
   0.00980 -0.02669  0.02156
   0.01200 -0.02908 -0.08232
   0.01443 -0.03139 -0.16928
   0.01709 -0.03363 -0.24114
   0.01996 -0.03579 -0.29897
   0.02305 -0.03788 -0.34286
   0.02638 -0.03992 -0.37577
   0.02994 -0.04190 -0.39849
   0.03374 -0.04383 -0.41514
   0.03781 -0.04574 -0.42463
   0.04217 -0.04761 -0.42971
   0.04683 -0.04947 -0.43131
   0.05183 -0.05132 -0.43047
   0.05720 -0.05318 -0.42839
   0.06299 -0.05504 -0.42489
   0.06924 -0.05694 -0.42196
   0.07601 -0.05886 -0.41822
   0.08335 -0.06083 -0.41665
   0.09135 -0.06286 -0.41606
   0.10006 -0.06495 -0.41748
   0.10956 -0.06711 -0.42138
   0.11990 -0.06933 -0.42854
   0.13114 -0.07162 -0.43890
   0.14330 -0.07394 -0.45270
   0.15634 -0.07626 -0.46981
   0.17021 -0.07855 -0.48927
   0.18483 -0.08073 -0.50956
   0.20011 -0.08275 -0.52792
   0.21600 -0.08455 -0.53622
   0.23248 -0.08609 -0.53731
   0.24950 -0.08738 -0.53414
   0.26706 -0.08840 -0.52762
   0.28511 -0.08916 -0.51840
   0.30362 -0.08965 -0.50682
   0.32257 -0.08987 -0.49331
   0.34192 -0.08984 -0.47847
   0.36165 -0.08954 -0.46227
   0.38172 -0.08900 -0.44479
   0.40212 -0.08821 -0.42683
   0.42281 -0.08718 -0.40788
   0.44378 -0.08593 -0.38868
   0.46500 -0.08445 -0.36885
   0.48646 -0.08276 -0.34878
   0.50812 -0.08087 -0.32858
   0.52997 -0.07879 -0.30817
   0.55200 -0.07652 -0.28760
   0.57418 -0.07407 -0.26692
   0.59650 -0.07145 -0.24633
   0.61893 -0.06867 -0.22538
   0.64146 -0.06574 -0.20443
   0.66406 -0.06266 -0.18337
   0.68673 -0.05944 -0.16185
   0.70943 -0.05609 -0.14025
   0.73213 -0.05261 -0.11794
   0.75482 -0.04901 -0.09511
   0.77744 -0.04530 -0.07159
   0.79995 -0.04150 -0.04688
   0.82228 -0.03760 -0.02101
   0.84433 -0.03364  0.00631
   0.86599 -0.02964  0.03589
   0.88709 -0.02563  0.06738
   0.90745 -0.02166  0.10216
   0.92685 -0.01778  0.14035
   0.94509 -0.01403  0.18378
   0.96199 -0.01049  0.23404
   0.97745 -0.00717  0.29768
   0.99145 -0.00410  0.38436
   1.00000 -0.00221  0.57933
