  -5.2392039e-01
   2.9812604e-01
   3.0050735e-01
   2.5108274e-01
   2.1250360e-01
   1.8031758e-01
   1.5282326e-01
   1.3417896e-01
   1.2062146e-01
   6.2291821e-02
   3.7389626e-02
   2.9471367e-03
  -4.2711002e-02
  -5.2730237e-02
  -7.7422838e-02
  -7.7199939e-02
  -1.3354441e-01
  -7.0072008e-01
  -4.6986094e-01
  -3.9355863e-01
  -4.0553134e-01
  -3.2583364e-01
  -3.2522773e-01
  -3.7504946e-01
  -3.4328259e-01
  -2.9142086e-01
  -3.1319958e-01
  -3.8648387e-01
  -3.8963227e-01
  -4.0579590e-01
  -4.4822661e-01
  -5.8159106e-01
  -8.8462357e-01
  -6.4819020e-01
