   3.5197128e+01   5.1738818e+01   1.4275245e+01   3.1176938e+00   1.2470390e+00   6.5329360e-01   3.9773486e-01   2.6707988e-01   9.3696721e-02   8.1554516e-02   7.2262441e-02   6.5726470e-02   3.0396483e-02   3.0391523e-02   3.0878888e-02   2.0138003e-02   5.1450135e-02   2.4623895e-02   1.7474928e-02   3.1413850e-02   3.1784584e-02   3.2772462e-02   6.7847418e-02   7.5739219e-02   8.5403728e-02   9.7228459e-02   2.1815250e-01   2.9643033e-01   4.2460125e-01   6.5728965e-01   1.1504534e+00   2.5015244e+00   5.7403037e+00   2.0683517e+01
   6.2098935e+00   3.3050704e+01   5.8244860e+01   5.5917759e+00   1.7695870e+00   8.2732647e-01   4.7161387e-01   3.0351029e-01   1.0316199e-01   8.8785981e-02   7.7920564e-02   7.0305026e-02   3.2272699e-02   3.2179673e-02   3.2619290e-02   2.1223772e-02   5.4239332e-02   2.5931835e-02   1.8444981e-02   3.3200914e-02   3.3698518e-02   3.4853648e-02   7.2310376e-02   8.1237087e-02   9.2239016e-02   1.0582089e-01   2.3860732e-01   3.3072110e-01   4.8677975e-01   7.8373429e-01   1.4569073e+00   3.4886541e+00   9.6975711e+00   1.2931002e+01
   1.6515548e+00   3.4123255e+00   1.4936977e+01   2.2195642e+01   3.5938372e+00   1.2887011e+00   6.3972493e-01   3.7871594e-01   1.2131740e-01   1.0227960e-01   8.8226851e-02   7.8471567e-02   3.5552199e-02   3.5281849e-02   3.5619087e-02   2.3083244e-02   5.9019501e-02   2.8165799e-02   2.0110351e-02   3.6276603e-02   3.7014356e-02   3.8481949e-02   8.0115309e-02   9.0967627e-02   1.0448979e-01   1.2143347e-01   2.7589326e-01   3.9518843e-01   6.0828643e-01   1.0423302e+00   2.1028858e+00   5.1420514e+00   4.6070738e+00   2.7871672e+00
   5.5633284e-01   8.3616042e-01   2.4535224e+00   1.2672498e+01   1.9222965e+01   3.1031332e+00   1.1077303e+00   5.5065169e-01   1.5752645e-01   1.2787642e-01   1.0695433e-01   9.2772425e-02   4.1097098e-02   4.0459100e-02   4.0569602e-02   2.6118304e-02   6.6828759e-02   3.1791429e-02   2.2834227e-02   4.1324761e-02   4.2510893e-02   4.4553202e-02   9.3224062e-02   1.0759809e-01   1.2581019e-01   1.4913846e-01   3.4195560e-01   5.1357111e-01   8.3817386e-01   1.5186959e+00   2.8777128e+00   3.4683784e+00   1.1621340e+00   7.8908685e-01
   2.5364951e-01   3.3418389e-01   8.6250304e-01   2.0338396e+00   1.0389091e+01   1.6314449e+01   2.6161777e+00   9.3156110e-01   2.2131907e-01   1.6946590e-01   1.3539930e-01   1.1329812e-01   4.8646996e-02   4.7373808e-02   4.7073583e-02   3.0042791e-02   7.6938344e-02   3.6438678e-02   2.6360645e-02   4.7886621e-02   4.9744411e-02   5.2635530e-02   1.1072556e-01   1.3024673e-01   1.5541484e-01   1.8835399e-01   4.3381772e-01   6.7840030e-01   1.1284458e+00   1.8321193e+00   2.0915197e+00   1.4233804e+00   4.4264095e-01   3.3073744e-01
   1.3321371e-01   1.6294304e-01   3.9321018e-01   6.9385803e-01   1.6176354e+00   8.1638848e+00   1.3365835e+01   2.1364042e+00   3.5788523e-01   2.4748627e-01   1.8349381e-01   1.4520987e-01   5.9531254e-02   5.7076111e-02   5.5994291e-02   3.5310718e-02   9.0526168e-02   4.2596705e-02   3.1086104e-02   5.6711291e-02   5.9599819e-02   6.3775861e-02   1.3483086e-01   1.6193934e-01   1.9730378e-01   2.4406155e-01   5.5664312e-01   8.6710788e-01   1.2730478e+00   1.3974241e+00   1.0365355e+00   6.4682790e-01   2.0991744e-01   1.6590292e-01
   7.5168565e-02   8.7410904e-02   2.0226951e-01   3.0345328e-01   5.2773421e-01   1.2093866e+00   6.0051391e+00   1.0405647e+01   7.8824710e-01   4.3712444e-01   2.8081040e-01   2.0147344e-01   7.6597950e-02   7.1683101e-02   6.8984039e-02   4.2750072e-02   1.0974492e-01   5.1126991e-02   3.7712478e-02   6.9113035e-02   7.3619817e-02   7.9772757e-02   1.6913123e-01   2.0705473e-01   2.5586092e-01   3.1814245e-01   6.9326228e-01   9.4985770e-01   1.0086101e+00   7.8046332e-01   5.1415925e-01   3.3051547e-01   1.1165068e-01   9.1257152e-02
   4.3693854e-02   4.8784069e-02   1.0968077e-01   1.4676952e-01   2.1506265e-01   3.6387950e-01   8.1151180e-01   3.9297179e+00   4.8922611e+00   1.2784259e+00   5.6366687e-01   3.2606843e-01   1.0730828e-01   9.6230525e-02   8.9669812e-02   5.4052751e-02   1.3899458e-01   6.3688663e-02   4.7583751e-02   8.7549319e-02   9.4588704e-02   1.0368690e-01   2.1890460e-01   2.6931958e-01   3.2785998e-01   3.8937834e-01   7.5830715e-01   7.7849245e-01   6.1011817e-01   4.1405546e-01   2.7240566e-01   1.8210146e-01   6.2927390e-02   5.2439610e-02
   2.9057821e-02   3.1500818e-02   6.9727066e-02   8.6476229e-02   1.1437367e-01   1.6627792e-01   2.8521916e-01   6.8701276e-01   4.9034865e+00   9.7130698e+00   1.5820150e+00   5.9059908e-01   1.5365415e-01   1.2951553e-01   1.1557094e-01   6.7316845e-02   1.7331763e-01   7.7741308e-02   5.8668772e-02   1.0801610e-01   1.1757674e-01   1.2922542e-01   2.6862041e-01   3.2185336e-01   3.6907970e-01   3.9742577e-01   6.8706092e-01   5.6378606e-01   3.9377242e-01   2.6188888e-01   1.7518814e-01   1.1983463e-01   4.1545280e-02   3.4869436e-02
   2.1912719e-02   2.3252633e-02   5.1089107e-02   6.0090531e-02   7.4189507e-02   9.8093084e-02   1.4613866e-01   2.7407730e-01   6.1327789e-01   3.1387231e+00   6.8343762e+00   1.1664533e+00   2.1659631e-01   1.6868269e-01   1.4320546e-01   8.0484713e-02   2.0739825e-01   9.1030236e-02   6.9115087e-02   1.2696496e-01   1.3823777e-01   1.5104396e-01   3.0727604e-01   3.5175108e-01   3.7467239e-01   3.6800115e-01   5.9335985e-01   4.3650412e-01   2.9386390e-01   1.9539847e-01   1.3208865e-01   9.1296871e-02   3.1447612e-02   2.6422705e-02
   1.6255345e-02   1.6825390e-02   3.6823815e-02   4.0749866e-02   4.6439387e-02   5.4974374e-02   6.9927722e-02   1.0311561e-01   1.2494039e-01   2.9020542e-01   1.5469034e+00   4.0496555e+00   3.6967005e-01   2.4285778e-01   1.8838207e-01   1.0012335e-01   2.5808951e-01   1.0966664e-01   8.3536958e-02   1.5237091e-01   1.6437742e-01   1.7620589e-01   3.4577061e-01   3.6588196e-01   3.5311588e-01   3.1514696e-01   4.8600444e-01   3.3247983e-01   2.1993280e-01   1.4680990e-01   1.0008851e-01   6.9621811e-02   2.3616472e-02   1.9797352e-02
   1.1706532e-02   1.1739160e-02   2.5758709e-02   2.6357705e-02   2.6895998e-02   2.6882076e-02   2.5852341e-02   2.2774503e-02   1.2429565e-03  -2.2559910e-03   2.3281736e-03   2.0439477e-01   1.1054251e+00   4.2775172e-01   2.7292375e-01   1.3252704e-01   3.4127289e-01   1.3812757e-01   1.0476649e-01   1.8788405e-01   1.9698492e-01   2.0234065e-01   3.7591528e-01   3.5505110e-01   3.0752038e-01   2.5285027e-01   3.8387940e-01   2.5119021e-01   1.6492596e-01   1.1056822e-01   7.5782426e-02   5.2813039e-02   1.7422057e-02   1.4507374e-02
   8.8740804e-03   8.6231667e-03   1.9144895e-02   1.8098700e-02   1.6245115e-02   1.2604391e-02   5.6136671e-03  -8.5168452e-03  -3.1037436e-02  -5.3409332e-02  -9.8598647e-02  -2.1486925e-01  -7.5407048e-01  -6.5404829e-02   3.3698301e-01   1.7239681e-01   4.4323746e-01   1.7191782e-01   1.2812862e-01   2.2380043e-01   2.2387076e-01   2.1719673e-01   3.8280464e-01   3.2660227e-01   2.6254450e-01   2.0617019e-01   3.1501597e-01   2.0208709e-01   1.3246116e-01   8.9059422e-02   6.1164240e-02   4.2568858e-02   1.3590080e-02   1.1218487e-02
   7.1513218e-03   6.7562829e-03   1.5264432e-02   1.3426784e-02   1.0481179e-02   5.3101162e-03  -3.9241218e-03  -2.1506237e-02  -4.1095414e-02  -6.5358507e-02  -1.1107535e-01  -2.1490729e-01  -3.9373588e-01  -1.3178605e+00  -1.0637109e+00   1.8460618e-01   5.2568446e-01   2.0777345e-01   1.5089674e-01   2.5588377e-01   2.4309236e-01   2.2340043e-01   3.7865536e-01   3.0054128e-01   2.3098040e-01   1.7692276e-01   2.7330131e-01   1.7345124e-01   1.1352519e-01   7.6372908e-02   5.2434607e-02   3.6390411e-02   1.1259101e-02   9.2139423e-03
   5.5595878e-03   5.0681574e-03   1.1873174e-02   9.5576183e-03   6.0067605e-03   1.0620162e-04  -9.9557521e-03  -2.8213081e-02  -4.4288005e-02  -6.6553955e-02  -1.0548881e-01  -1.8358679e-01  -2.4294445e-01  -4.5613132e-01  -1.4590684e+00  -9.3222860e-01   4.9244075e-01   2.6558254e-01   1.8226530e-01   2.9437243e-01   2.5820445e-01   2.2107466e-01   3.6069133e-01   2.6633167e-01   1.9683275e-01   1.4779919e-01   2.3251004e-01   1.4633381e-01   9.5684250e-02   6.4397600e-02   4.4182491e-02   3.0563060e-02   9.0660466e-03   7.3379508e-03
   4.3199474e-03   3.7914313e-03   9.3958168e-03   6.9444909e-03   3.2754876e-03  -2.6378201e-03  -1.2427281e-02  -2.9589876e-02  -4.3120307e-02  -6.2446216e-02  -9.4456673e-02  -1.5351591e-01  -1.7349971e-01  -2.7469006e-01  -5.2497038e-01  -1.9368702e+00  -5.9597900e-01   3.5056568e-01   2.1976754e-01   3.3335176e-01   2.6641898e-01   2.1260516e-01   3.3715720e-01   2.3465564e-01   1.6831348e-01   1.2448528e-01   1.9971761e-01   1.2470102e-01   8.1357835e-02   5.4704919e-02   3.7474587e-02   2.5835093e-02   7.3099523e-03   5.8483642e-03
   2.4739782e-03   1.8026443e-03   5.1418913e-03   1.8690675e-03  -2.9292324e-03  -1.0420705e-02  -2.2508405e-02  -4.3171394e-02  -5.2201335e-02  -7.2891944e-02  -1.0573433e-01  -1.6280283e-01  -1.5817839e-01  -2.2721991e-01  -3.5833979e-01  -4.8111342e-01  -1.5035069e+00   6.9394738e-01   3.7160166e-01   4.8744614e-01   3.2408256e-01   2.2776215e-01   3.4376092e-01   2.1647066e-01   1.4705594e-01   1.0528570e-01   1.7215499e-01   1.0430396e-01   6.6652978e-02   4.3986282e-02   2.9506718e-02   1.9791057e-02   4.9452600e-03   3.7606785e-03
  -4.9028392e-04  -2.8819433e-04  -2.9925779e-03  -2.5899429e-03  -2.0386388e-03  -1.2068590e-03   1.3643056e-05   1.7481280e-03   1.3763785e-02   1.8443672e-02   2.5283041e-02   3.5718835e-02   4.2430430e-02   5.5929270e-02   7.7493895e-02   8.9011466e-02   1.5631580e-01   1.1071487e+00   3.2610291e-01  -4.0806085e-02  -6.3190949e-02  -4.6158305e-02  -9.0386791e-02  -5.4663218e-02  -3.6448327e-02  -2.5866729e-02  -5.5117296e-02  -3.3519396e-02  -2.1745158e-02  -1.4682657e-02  -1.0161755e-02  -7.1172868e-03  -1.1043121e-03  -8.1055282e-04
   6.1790730e-04   8.5264702e-04  -5.8638147e-04   1.0953426e-05   8.3196722e-04   2.0364737e-03   3.8252565e-03   6.5292824e-03   1.7573613e-02   2.3387459e-02   3.2062092e-02   4.5794670e-02   5.0419650e-02   6.6684025e-02   9.2459682e-02   9.7650884e-02   2.3089011e-01   6.3610342e-01   3.1607753e+00   4.0037886e+00   3.4435404e-01   9.6481598e-02   4.2978002e-02   6.2629529e-03  -8.7005399e-04  -2.3597585e-03  -2.3354662e-02  -1.4768754e-02  -9.6439363e-03  -6.4297333e-03  -4.3214633e-03  -2.8810204e-03   4.2464271e-04   5.0198945e-04
   1.9511823e-03   2.1601294e-03   2.1635942e-03   2.6269226e-03   3.2312672e-03   4.0453886e-03   5.1662430e-03   6.7260058e-03   1.7184512e-02   2.2659773e-02   3.0993731e-02   4.4556622e-02   5.0121334e-02   6.6340365e-02   9.1438723e-02   9.1404843e-02   2.3922340e-01   4.0917670e-01   7.6811495e-01   3.4295259e+00   4.5036111e+00   7.5303170e-01   4.7783343e-01   1.5472398e-01   7.3907498e-02   4.2834282e-02   3.6367427e-02   1.7627532e-02   1.0079948e-02   6.4051582e-03   4.3794461e-03   3.1579650e-03   2.4274563e-03   2.1671399e-03
   3.7300956e-03   3.9942502e-03   6.1123545e-03   6.9199957e-03   7.9997722e-03   9.4670357e-03   1.1577933e-02   1.4818915e-02   2.3780405e-02   3.1311715e-02   4.2818213e-02   6.1439015e-02   6.1264070e-02   7.8690000e-02   1.0338191e-01   9.1787922e-02   2.6060571e-01   2.8138863e-01   3.6654692e-01   1.0562709e+00   5.9511770e+00   8.3709703e+00   2.2603871e+00   5.1328556e-01   2.1470892e-01   1.1664069e-01   1.2394872e-01   6.0523546e-02   3.4840121e-02   2.2091077e-02   1.4913297e-02   1.0502529e-02   4.9570343e-03   4.3076870e-03
   5.6009917e-03   5.9721069e-03   1.0421852e-02   1.1887893e-02   1.3913526e-02   1.6773406e-02   2.1097980e-02   2.8183732e-02   3.5100262e-02   4.6227291e-02   6.2734250e-02   8.7914877e-02   7.4990204e-02   9.1710095e-02   1.1314294e-01   9.0500670e-02   2.6290703e-01   2.1647745e-01   2.3936581e-01   5.9501438e-01   1.5185945e+00   8.4649848e+00   1.4404006e+01   1.4020294e+00   4.6581716e-01   2.2708118e-01   2.3998989e-01   1.1092739e-01   6.2050669e-02   3.8666231e-02   2.5798530e-02   1.8013957e-02   7.5706594e-03   6.5290926e-03
   8.6963325e-03   9.3078765e-03   1.7770302e-02   2.0739326e-02   2.4986691e-02   3.1250026e-02   4.1178862e-02   5.8256670e-02   6.0622588e-02   7.9250350e-02   1.0427612e-01   1.3636425e-01   9.2464295e-02   1.0458797e-01   1.1855149e-01   8.5165114e-02   2.4551120e-01   1.6202897e-01   1.5727745e-01   3.5179723e-01   6.1527259e-01   1.3157252e+00   6.0750378e+00   8.5047437e+00   1.4501869e+00   5.4709585e-01   5.1801020e-01   2.1310029e-01   1.1236744e-01   6.7663662e-02   4.4194247e-02   3.0444870e-02   1.1881670e-02   1.0187681e-02
   1.3600894e-02   1.4707100e-02   2.9827077e-02   3.5987105e-02   4.5129234e-02   5.9245008e-02   8.2677626e-02   1.2446494e-01   1.1368084e-01   1.4282484e-01   1.7227375e-01   1.9586085e-01   1.0317120e-01   1.0772900e-01   1.1343493e-01   7.5624551e-02   2.1218607e-01   1.2164969e-01   1.0753724e-01   2.2439035e-01   3.2080294e-01   4.9642803e-01   1.5133749e+00   8.4692756e+00   1.1941897e+01   2.0210426e+00   1.3585581e+00   4.4325201e-01   2.0978566e-01   1.1901938e-01   7.4999681e-02   5.0531967e-02   1.8752259e-02   1.5983914e-02
   1.9646000e-02   2.1478395e-02   4.5196706e-02   5.6267360e-02   7.3279670e-02   1.0068422e-01   1.4806209e-01   2.3395120e-01   1.8753386e-01   2.1661991e-01   2.2969128e-01   2.2553208e-01   1.0167040e-01   1.0151195e-01   1.0301102e-01   6.6503413e-02   1.8234343e-01   9.7644032e-02   8.1708543e-02   1.6397896e-01   2.1211081e-01   2.8713927e-01   7.6326869e-01   1.9444400e+00   1.0724377e+01   1.5270538e+01   4.1080305e+00   9.1701655e-01   3.7192556e-01   1.9483059e-01   1.1716652e-01   7.6670775e-02   2.7408405e-02   2.3193291e-02
   2.7221056e-02   3.0105125e-02   6.5130480e-02   8.3711657e-02   1.1337181e-01   1.6335369e-01   2.5318848e-01   4.1357522e-01   2.7178934e-01   2.7716738e-01   2.5671583e-01   2.2615663e-01   9.4559250e-02   9.2404653e-02   9.2201714e-02   5.8748732e-02   1.5837476e-01   8.1658554e-02   6.5892343e-02   1.2895160e-01   1.5702761e-01   1.9747675e-01   4.8874169e-01   9.3271818e-01   2.3520246e+00   1.2851222e+01   2.1559130e+01   2.0694342e+00   6.6652954e-01   3.1322713e-01   1.7729184e-01   1.1177629e-01   3.8571343e-02   3.2343549e-02
   4.2692909e-02   4.8128699e-02   1.0787511e-01   1.4626428e-01   2.1194435e-01   3.3173436e-01   5.5710651e-01   8.8921072e-01   3.5899285e-01   3.0317738e-01   2.4570749e-01   2.0110164e-01   8.1638058e-02   7.8958924e-02   7.8157192e-02   4.9551584e-02   1.3129842e-01   6.5613586e-02   5.1052114e-02   9.7471543e-02   1.1218076e-01   1.3225716e-01   3.0813887e-01   4.7843732e-01   8.3142087e-01   1.7598106e+00   7.9826672e+00   1.0967102e+01   1.8108627e+00   6.5955197e-01   3.2801123e-01   1.9173987e-01   6.2426367e-02   5.1419872e-02
   7.6026703e-02   8.8452283e-02   2.0792344e-01   3.0927171e-01   5.0642329e-01   9.1354324e-01   1.5872413e+00   1.5404012e+00   3.3117685e-01   2.5243517e-01   1.9707533e-01   1.6063418e-01   6.6402910e-02   6.4376057e-02   6.3831442e-02   4.0598228e-02   1.0609121e-01   5.1951105e-02   3.9194890e-02   7.3317973e-02   8.0666966e-02   9.0574170e-02   2.0194580e-01   2.7445534e-01   3.9275185e-01   6.0511654e-01   1.8293105e+00   9.9120867e+00   1.3588120e+01   2.2274258e+00   8.0958887e-01   4.0252766e-01   1.1822309e-01   9.4076893e-02
   1.3811595e-01   1.6791458e-01   4.1941788e-01   7.1967176e-01   1.4368606e+00   2.9999613e+00   2.7633374e+00   1.1789781e+00   2.5101034e-01   1.9343817e-01   1.5455828e-01   1.2912655e-01   5.4962957e-02   5.3650535e-02   5.3475608e-02   3.4205367e-02   8.8642908e-02   4.2968815e-02   3.1770664e-02   5.8650040e-02   6.2725487e-02   6.8375484e-02   1.4852650e-01   1.8765160e-01   2.4433558e-01   3.3065475e-01   8.7519029e-01   2.1792326e+00   1.1756106e+01   1.5940629e+01   2.6116325e+00   9.4999685e-01   2.3683131e-01   1.7837739e-01
   2.6918717e-01   3.5068714e-01   9.6317964e-01   2.1538111e+00   6.2473673e+00   5.6372150e+00   1.7039773e+00   7.4377236e-01   1.8816771e-01   1.5027058e-01   1.2393740e-01   1.0632205e-01   4.6474841e-02   4.5688105e-02   4.5792926e-02   2.9458249e-02   7.5932573e-02   3.6605662e-02   2.6683997e-02   4.8807549e-02   5.1190589e-02   5.4702043e-02   1.1679014e-01   1.4090243e-01   1.7349547e-01   2.1882250e-01   5.4084279e-01   1.0137435e+00   2.5135998e+00   1.3530461e+01   1.8116210e+01   2.9745032e+00   5.4629040e-01   3.7348692e-01
   6.0868495e-01   9.0239594e-01   2.9936187e+00   1.3697298e+01   1.3514482e+01   2.4376870e+00   9.5537997e-01   5.0116608e-01   1.4590595e-01   1.2049774e-01   1.0219349e-01   8.9675057e-02   4.0064366e-02   3.9635732e-02   3.9927394e-02   2.5815693e-02   6.6301609e-02   3.1862332e-02   2.2983134e-02   4.1753729e-02   4.3172781e-02   4.5478778e-02   9.5912261e-02   1.1208790e-01   1.3300814e-01   1.6049901e-01   3.8043842e-01   6.1373833e-01   1.1457572e+00   2.8339762e+00   1.5225780e+01   2.0185727e+01   1.7441025e+00   9.6877767e-01
   1.9156569e+00   3.9852464e+00   2.3909994e+01   2.6779463e+01   3.3262829e+00   1.2005452e+00   6.0687820e-01   3.6466062e-01   1.1733699e-01   9.9578494e-02   8.6380785e-02   7.7207771e-02   3.5108002e-02   3.4919916e-02   3.5330614e-02   2.2943690e-02   5.8773205e-02   2.8191569e-02   2.0171250e-02   3.6454966e-02   3.7286531e-02   3.8856518e-02   8.1195388e-02   9.2701366e-02   1.0714933e-01   1.2542574e-01   2.8902474e-01   4.2497314e-01   6.8293330e-01   1.2713840e+00   3.1383784e+00   1.6817168e+01   1.5542275e+01   4.3190698e+00
   8.0768281e+00   5.4098957e+01   8.9861893e+01   5.6904855e+00   1.7266023e+00   8.0692478e-01   4.6211781e-01   2.9883541e-01   1.0169696e-01   8.7752619e-02   7.7189699e-02   6.9788957e-02   3.2085377e-02   3.2024923e-02   3.2494220e-02   2.1162228e-02   5.4129629e-02   2.5940968e-02   1.8469432e-02   3.3273692e-02   3.3809049e-02   3.5004390e-02   7.2743491e-02   8.1915627e-02   9.3252206e-02   1.0729635e-01   2.4337251e-01   3.4068389e-01   5.0902679e-01   8.4093775e-01   1.6479411e+00   4.5626641e+00   3.5731466e+01   4.8028277e+01
   5.4199873e+01   6.3427997e+01   1.5500259e+01   3.1252300e+00   1.2377031e+00   6.4807717e-01   3.9502868e-01   2.6564667e-01   9.3222318e-02   8.1212501e-02   7.2015746e-02   6.5549118e-02   3.0330890e-02   3.0336889e-02   3.0834360e-02   2.0115866e-02   5.1410416e-02   2.4626661e-02   1.7483176e-02   3.1438709e-02   3.1822275e-02   3.2823614e-02   6.7994145e-02   7.5965865e-02   8.5736895e-02   9.7705209e-02   2.1967587e-01   2.9947099e-01   4.3097017e-01   6.7218641e-01   1.1931052e+00   2.6805587e+00   6.8888651e+00   3.7049090e+01
