   5.8331094e-02
  -2.6643527e-02
   1.1731417e-02
  -6.4532944e-03
   3.1467395e-03
  -4.4036320e-03
  -3.0530410e-03
  -9.1384948e-03
  -2.7866068e-02
  -3.2792751e-03
  -2.2922471e-02
  -3.6848363e-02
  -1.9448650e-01
   4.1758096e-01
  -5.4945495e-01
   3.3327039e-01
  -1.0735972e+00
  -1.0557653e+01
   3.8561956e+01
  -2.9881418e+01
   1.8842601e+01
  -1.2407944e+01
   6.4004518e+00
  -3.5304391e+00
   2.2495693e+00
  -1.4423589e+00
   7.5542089e-01
  -4.0802007e-01
   2.8100809e-01
  -1.7410272e-01
   1.2544494e-01
  -7.5817848e-02
   7.9357452e-02
  -5.3557976e-02
