NACA 23021                                      
 Alfa =  15.00000 Re =        0.000 Xflap,Yflap =     0.000000    0.000000
#    x        y        Cp  
   1.00000  0.00221  0.61782
   0.99558  0.00338  0.46590
   0.98863  0.00523  0.38428
   0.98128  0.00716  0.32509
   0.97353  0.00919  0.27575
   0.96536  0.01130  0.23227
   0.95678  0.01350  0.19241
   0.94780  0.01577  0.15593
   0.93844  0.01813  0.12057
   0.92873  0.02054  0.08714
   0.91867  0.02302  0.05384
   0.90832  0.02554  0.02222
   0.89770  0.02810 -0.00919
   0.88684  0.03068 -0.03935
   0.87577  0.03328 -0.06982
   0.86453  0.03590 -0.09889
   0.85314  0.03852 -0.12835
   0.84162  0.04113 -0.15701
   0.83000  0.04374 -0.18550
   0.81829  0.04633 -0.21416
   0.80651  0.04891 -0.24241
   0.79468  0.05147 -0.27031
   0.78280  0.05400 -0.29852
   0.77088  0.05651 -0.32646
   0.75894  0.05899 -0.35513
   0.74698  0.06144 -0.38281
   0.73500  0.06386 -0.41149
   0.72302  0.06625 -0.44017
   0.71103  0.06861 -0.46875
   0.69905  0.07093 -0.49787
   0.68706  0.07321 -0.52736
   0.67509  0.07546 -0.55698
   0.66313  0.07767 -0.58728
   0.65118  0.07984 -0.61751
   0.63925  0.08196 -0.64886
   0.62735  0.08405 -0.68015
   0.61546  0.08609 -0.71214
   0.60361  0.08809 -0.74482
   0.59178  0.09005 -0.77819
   0.57998  0.09195 -0.81171
   0.56822  0.09381 -0.84651
   0.55650  0.09562 -0.88158
   0.54482  0.09738 -0.91743
   0.53318  0.09909 -0.95430
   0.52159  0.10074 -0.99193
   0.51005  0.10234 -1.03023
   0.49856  0.10388 -1.06965
   0.48712  0.10536 -1.10949
   0.47575  0.10679 -1.15111
   0.46443  0.10815 -1.19329
   0.45318  0.10945 -1.23613
   0.44200  0.11069 -1.28062
   0.43090  0.11186 -1.32574
   0.41987  0.11297 -1.37231
   0.40892  0.11400 -1.42045
   0.39806  0.11497 -1.46865
   0.38729  0.11587 -1.51967
   0.37661  0.11669 -1.57057
   0.36603  0.11745 -1.62332
   0.35556  0.11812 -1.67788
   0.34521  0.11873 -1.73308
   0.33497  0.11925 -1.79102
   0.32486  0.11970 -1.84855
   0.31488  0.12007 -1.90976
   0.30504  0.12037 -1.97030
   0.29535  0.12058 -2.03468
   0.28581  0.12072 -2.09920
   0.27644  0.12079 -2.16634
   0.26724  0.12077 -2.23473
   0.25822  0.12068 -2.30517
   0.24939  0.12052 -2.37811
   0.24076  0.12029 -2.45168
   0.23233  0.11998 -2.52927
   0.22411  0.11961 -2.60783
   0.21611  0.11918 -2.69055
   0.20834  0.11869 -2.77590
   0.20079  0.11814 -2.86674
   0.19347  0.11753 -2.96582
   0.18638  0.11686 -3.06598
   0.17952  0.11614 -3.16989
   0.17289  0.11536 -3.27416
   0.16647  0.11452 -3.37669
   0.16026  0.11362 -3.47909
   0.15425  0.11266 -3.58020
   0.14843  0.11164 -3.67917
   0.14280  0.11057 -3.77533
   0.13736  0.10945 -3.87052
   0.13208  0.10828 -3.96059
   0.12697  0.10705 -4.04939
   0.12202  0.10578 -4.13359
   0.11723  0.10446 -4.21394
   0.11259  0.10310 -4.29259
   0.10809  0.10170 -4.36498
   0.10374  0.10026 -4.43616
   0.09952  0.09879 -4.50159
   0.09543  0.09728 -4.56322
   0.09147  0.09574 -4.62378
   0.08764  0.09417 -4.67656
   0.08392  0.09257 -4.72619
   0.08033  0.09096 -4.77533
   0.07684  0.08931 -4.81712
   0.07347  0.08765 -4.86001
   0.07021  0.08597 -4.89431
   0.06706  0.08428 -4.92982
   0.06400  0.08257 -4.95784
   0.06105  0.08085 -4.98690
   0.05820  0.07912 -5.00864
   0.05543  0.07738 -5.03370
   0.05276  0.07563 -5.05326
   0.05019  0.07388 -5.06921
   0.04769  0.07213 -5.08365
   0.04529  0.07037 -5.09794
   0.04296  0.06861 -5.10769
   0.04072  0.06685 -5.11571
   0.03855  0.06509 -5.12184
   0.03646  0.06333 -5.13122
   0.03445  0.06158 -5.12867
   0.03250  0.05982 -5.13667
   0.03063  0.05807 -5.13348
   0.02882  0.05633 -5.13337
   0.02709  0.05459 -5.13022
   0.02542  0.05286 -5.12741
   0.02381  0.05113 -5.11965
   0.02226  0.04941 -5.11927
   0.02077  0.04769 -5.10288
   0.01935  0.04598 -5.09756
   0.01798  0.04428 -5.08785
   0.01667  0.04259 -5.07318
   0.01541  0.04090 -5.05843
   0.01421  0.03922 -5.04548
   0.01306  0.03755 -5.02102
   0.01197  0.03589 -5.00420
   0.01092  0.03424 -4.98351
   0.00993  0.03259 -4.95486
   0.00899  0.03095 -4.92846
   0.00810  0.02932 -4.89453
   0.00725  0.02770 -4.86340
   0.00646  0.02609 -4.82707
   0.00571  0.02448 -4.78912
   0.00501  0.02288 -4.73950
   0.00436  0.02130 -4.69110
   0.00375  0.01972 -4.63997
   0.00319  0.01815 -4.57679
   0.00268  0.01659 -4.51711
   0.00221  0.01504 -4.44506
   0.00179  0.01350 -4.37217
   0.00142  0.01197 -4.29817
   0.00108  0.01045 -4.20768
   0.00080  0.00894 -4.11242
   0.00056  0.00745 -4.01741
   0.00036  0.00596 -3.91441
   0.00020  0.00449 -3.79919
   0.00009  0.00304 -3.69136
   0.00003  0.00159 -3.57191
   0.00000  0.00017 -3.44811
   0.00002 -0.00125 -3.32468
   0.00008 -0.00268 -3.20040
   0.00018 -0.00412 -3.06150
   0.00033 -0.00556 -2.92068
   0.00054 -0.00701 -2.77273
   0.00080 -0.00845 -2.60973
   0.00111 -0.00990 -2.44784
   0.00148 -0.01135 -2.27145
   0.00191 -0.01280 -2.09189
   0.00240 -0.01424 -1.90103
   0.00296 -0.01567 -1.71841
   0.00358 -0.01710 -1.51993
   0.00426 -0.01851 -1.32894
   0.00501 -0.01990 -1.13715
   0.00582 -0.02128 -0.95115
   0.00670 -0.02265 -0.76543
   0.00765 -0.02399 -0.59372
   0.00866 -0.02531 -0.42532
   0.00973 -0.02662 -0.27013
   0.01087 -0.02790 -0.12225
   0.01208 -0.02915  0.01331
   0.01334 -0.03039  0.13689
   0.01467 -0.03160  0.25080
   0.01606 -0.03280  0.35235
   0.01752 -0.03397  0.44526
   0.01903 -0.03512  0.52628
   0.02061 -0.03625  0.60017
   0.02225 -0.03736  0.66431
   0.02395 -0.03845  0.72131
   0.02572 -0.03953  0.76990
   0.02756 -0.04059  0.81374
   0.02946 -0.04164  0.85027
   0.03143 -0.04268  0.88139
   0.03347 -0.04370  0.90856
   0.03559 -0.04472  0.93085
   0.03778 -0.04572  0.94931
   0.04006 -0.04672  0.96452
   0.04241 -0.04771  0.97647
   0.04485 -0.04870  0.98565
   0.04739 -0.04968  0.99236
   0.05002 -0.05067  0.99687
   0.05275 -0.05165  0.99931
   0.05559 -0.05263  0.99999
   0.05854 -0.05362  0.99901
   0.06162 -0.05461  0.99663
   0.06481 -0.05561  0.99291
   0.06815 -0.05661  0.98777
   0.07162 -0.05763  0.98176
   0.07525 -0.05865  0.97470
   0.07904 -0.05969  0.96644
   0.08300 -0.06074  0.95749
   0.08714 -0.06181  0.94753
   0.09148 -0.06289  0.93690
   0.09601 -0.06399  0.92523
   0.10076 -0.06511  0.91324
   0.10573 -0.06625  0.89992
   0.11094 -0.06741  0.88649
   0.11638 -0.06859  0.87166
   0.12208 -0.06979  0.85658
   0.12803 -0.07100  0.84055
   0.13424 -0.07222  0.82401
   0.14070 -0.07345  0.80676
   0.14742 -0.07469  0.78854
   0.15438 -0.07593  0.77011
   0.16158 -0.07715  0.75100
   0.16901 -0.07836  0.73117
   0.17665 -0.07954  0.71136
   0.18449 -0.08069  0.69088
   0.19252 -0.08178  0.67045
   0.20072 -0.08283  0.65008
   0.20909 -0.08381  0.63061
   0.21763 -0.08471  0.61177
   0.22633 -0.08555  0.59338
   0.23519 -0.08632  0.57558
   0.24421 -0.08701  0.55841
   0.25337 -0.08763  0.54166
   0.26269 -0.08817  0.52578
   0.27214 -0.08864  0.50998
   0.28173 -0.08904  0.49513
   0.29146 -0.08935  0.48087
   0.30131 -0.08960  0.46694
   0.31129 -0.08977  0.45365
   0.32138 -0.08987  0.44116
   0.33159 -0.08989  0.42889
   0.34191 -0.08984  0.41721
   0.35233 -0.08971  0.40635
   0.36286 -0.08952  0.39549
   0.37348 -0.08925  0.38595
   0.38420 -0.08892  0.37575
   0.39501 -0.08851  0.36711
   0.40590 -0.08804  0.35820
   0.41687 -0.08750  0.34999
   0.42793 -0.08690  0.34225
   0.43906 -0.08623  0.33500
   0.45026 -0.08550  0.32790
   0.46153 -0.08471  0.32123
   0.47287 -0.08386  0.31523
   0.48427 -0.08295  0.30920
   0.49573 -0.08198  0.30344
   0.50725 -0.08095  0.29850
   0.51882 -0.07987  0.29369
   0.53044 -0.07874  0.28870
   0.54211 -0.07756  0.28460
   0.55383 -0.07632  0.28034
   0.56559 -0.07504  0.27711
   0.57739 -0.07370  0.27298
   0.58923 -0.07232  0.26997
   0.60110 -0.07089  0.26693
   0.61300 -0.06942  0.26406
   0.62493 -0.06790  0.26171
   0.63689 -0.06634  0.25943
   0.64887 -0.06474  0.25702
   0.66087 -0.06310  0.25558
   0.67289 -0.06142  0.25372
   0.68492 -0.05970  0.25256
   0.69696 -0.05794  0.25130
   0.70901 -0.05615  0.24998
   0.72106 -0.05432  0.25023
   0.73311 -0.05245  0.24940
   0.74516 -0.05056  0.24929
   0.75719 -0.04863  0.24955
   0.76920 -0.04667  0.25018
   0.78118 -0.04468  0.25091
   0.79314 -0.04266  0.25166
   0.80504 -0.04062  0.25409
   0.81689 -0.03855  0.25525
   0.82868 -0.03647  0.25825
   0.84037 -0.03436  0.26112
   0.85197 -0.03225  0.26452
   0.86343 -0.03012  0.26806
   0.87475 -0.02799  0.27354
   0.88590 -0.02586  0.27826
   0.89683 -0.02375  0.28550
   0.90753 -0.02164  0.29172
   0.91796 -0.01957  0.30044
   0.92809 -0.01752  0.30971
   0.93788 -0.01552  0.32057
   0.94732 -0.01357  0.33262
   0.95637 -0.01167  0.34746
   0.96502 -0.00984  0.36452
   0.97327 -0.00807  0.38506
   0.98110 -0.00638  0.41083
   0.98852 -0.00475  0.44691
   0.99554 -0.00320  0.50322
   1.00000 -0.00221  0.61782
