NACA 23021                                      
 Alfa =   0.00000 Re =        0.000 Xflap,Yflap =     0.000000    0.000000
#    x        y        Cp  
   1.00000  0.00221  0.58227
   0.99329  0.00399  0.40314
   0.98249  0.00685  0.31980
   0.97076  0.00990  0.25848
   0.95811  0.01316  0.20997
   0.94455  0.01659  0.16820
   0.93015  0.02019  0.13036
   0.91498  0.02392  0.09635
   0.89916  0.02775  0.06455
   0.88279  0.03164  0.03478
   0.86597  0.03556  0.00675
   0.84881  0.03950 -0.01998
   0.83139  0.04343 -0.04514
   0.81377  0.04733 -0.06970
   0.79599  0.05118 -0.09322
   0.77812  0.05499 -0.11603
   0.76017  0.05874 -0.13848
   0.74217  0.06242 -0.16032
   0.72415  0.06603 -0.18186
   0.70611  0.06956 -0.20327
   0.68809  0.07302 -0.22435
   0.67008  0.07639 -0.24557
   0.65210  0.07967 -0.26652
   0.63416  0.08286 -0.28767
   0.61628  0.08596 -0.30883
   0.59845  0.08895 -0.33015
   0.58069  0.09184 -0.35142
   0.56301  0.09462 -0.37326
   0.54542  0.09729 -0.39489
   0.52793  0.09984 -0.41706
   0.51054  0.10227 -0.43908
   0.49327  0.10457 -0.46165
   0.47614  0.10674 -0.48429
   0.45914  0.10877 -0.50690
   0.44229  0.11066 -0.53011
   0.42561  0.11240 -0.55347
   0.40911  0.11399 -0.57636
   0.39280  0.11542 -0.60002
   0.37671  0.11669 -0.62353
   0.36084  0.11779 -0.64705
   0.34521  0.11873 -0.67058
   0.32986  0.11949 -0.69382
   0.31480  0.12008 -0.71735
   0.30006  0.12049 -0.74027
   0.28566  0.12072 -0.76342
   0.27163  0.12079 -0.78597
   0.25800  0.12068 -0.80836
   0.24480  0.12041 -0.83076
   0.23205  0.11997 -0.85306
   0.21979  0.11939 -0.87505
   0.20802  0.11867 -0.89875
   0.19677  0.11781 -0.92532
   0.18604  0.11683 -0.95494
   0.17582  0.11572 -0.98233
   0.16610  0.11447 -1.00681
   0.15685  0.11309 -1.02622
   0.14805  0.11158 -1.04109
   0.13967  0.10994 -1.05060
   0.13169  0.10819 -1.05365
   0.12409  0.10632 -1.05063
   0.11684  0.10435 -1.04260
   0.10993  0.10228 -1.02734
   0.10335  0.10013 -1.00722
   0.09707  0.09789 -0.98053
   0.09108  0.09558 -0.94968
   0.08538  0.09321 -0.91318
   0.07994  0.09078 -0.87224
   0.07477  0.08830 -0.82705
   0.06984  0.08578 -0.77858
   0.06515  0.08322 -0.72578
   0.06069  0.08063 -0.67132
   0.05645  0.07803 -0.61287
   0.05241  0.07540 -0.55306
   0.04859  0.07276 -0.49070
   0.04495  0.07012 -0.42786
   0.04150  0.06747 -0.36251
   0.03823  0.06482 -0.29686
   0.03513  0.06218 -0.23011
   0.03220  0.05954 -0.16274
   0.02942  0.05692 -0.09530
   0.02680  0.05430 -0.02771
   0.02433  0.05170  0.04072
   0.02199  0.04910  0.10821
   0.01980  0.04653  0.17554
   0.01773  0.04397  0.24256
   0.01580  0.04143  0.30877
   0.01398  0.03890  0.37434
   0.01229  0.03639  0.43911
   0.01072  0.03390  0.50164
   0.00926  0.03143  0.56370
   0.00792  0.02898  0.62255
   0.00668  0.02655  0.68036
   0.00555  0.02413  0.73409
   0.00453  0.02174  0.78555
   0.00362  0.01936  0.83269
   0.00281  0.01701  0.87545
   0.00211  0.01467  0.91307
   0.00151  0.01237  0.94513
   0.00101  0.01008  0.96993
   0.00061  0.00782  0.98814
   0.00032  0.00559  0.99801
   0.00012  0.00339  0.99950
   0.00002  0.00122  0.99217
   0.00001 -0.00092  0.97504
   0.00010 -0.00306  0.94786
   0.00030 -0.00523  0.90877
   0.00061 -0.00741  0.85766
   0.00104 -0.00959  0.79481
   0.00160 -0.01177  0.71844
   0.00230 -0.01394  0.63257
   0.00313 -0.01609  0.53722
   0.00412 -0.01822  0.43687
   0.00525 -0.02032  0.33150
   0.00653 -0.02239  0.22904
   0.00796 -0.02440  0.12887
   0.00953 -0.02638  0.03655
   0.01125 -0.02830 -0.04858
   0.01312 -0.03018 -0.12369
   0.01512 -0.03200 -0.19090
   0.01727 -0.03377 -0.24383
   0.01956 -0.03550 -0.29188
   0.02199 -0.03719 -0.32862
   0.02456 -0.03883 -0.35841
   0.02728 -0.04044 -0.38181
   0.03015 -0.04201 -0.39988
   0.03318 -0.04356 -0.41294
   0.03638 -0.04508 -0.42156
   0.03975 -0.04659 -0.42688
   0.04331 -0.04808 -0.43018
   0.04707 -0.04956 -0.43165
   0.05105 -0.05104 -0.43049
   0.05526 -0.05252 -0.42932
   0.05972 -0.05400 -0.42682
   0.06446 -0.05550 -0.42406
   0.06951 -0.05702 -0.42123
   0.07489 -0.05855 -0.41899
   0.08062 -0.06011 -0.41693
   0.08676 -0.06171 -0.41597
   0.09332 -0.06335 -0.41622
   0.10036 -0.06502 -0.41756
   0.10790 -0.06674 -0.42051
   0.11597 -0.06850 -0.42533
   0.12460 -0.07030 -0.43275
   0.13382 -0.07214 -0.44152
   0.14361 -0.07399 -0.45327
   0.15397 -0.07585 -0.46639
   0.16487 -0.07769 -0.48152
   0.17626 -0.07948 -0.49781
   0.18811 -0.08119 -0.51363
   0.20037 -0.08279 -0.52789
   0.21302 -0.08423 -0.53488
   0.22604 -0.08552 -0.53726
   0.23942 -0.08665 -0.53634
   0.25314 -0.08761 -0.53286
   0.26720 -0.08841 -0.52742
   0.28158 -0.08903 -0.52005
   0.29625 -0.08948 -0.51156
   0.31121 -0.08977 -0.50142
   0.32643 -0.08989 -0.49037
   0.34191 -0.08984 -0.47845
   0.35763 -0.08962 -0.46529
   0.37358 -0.08925 -0.45198
   0.38973 -0.08872 -0.43767
   0.40609 -0.08803 -0.42298
   0.42263 -0.08719 -0.40812
   0.43935 -0.08621 -0.39272
   0.45623 -0.08509 -0.37687
   0.47326 -0.08383 -0.36112
   0.49044 -0.08243 -0.34503
   0.50774 -0.08091 -0.32877
   0.52517 -0.07926 -0.31261
   0.54271 -0.07749 -0.29610
   0.56036 -0.07561 -0.27981
   0.57810 -0.07362 -0.26322
   0.59592 -0.07152 -0.24680
   0.61381 -0.06932 -0.23006
   0.63178 -0.06701 -0.21347
   0.64979 -0.06462 -0.19657
   0.66785 -0.06213 -0.17958
   0.68595 -0.05955 -0.16259
   0.70407 -0.05689 -0.14534
   0.72219 -0.05414 -0.12769
   0.74032 -0.05132 -0.10964
   0.75842 -0.04843 -0.09140
   0.77647 -0.04546 -0.07240
   0.79446 -0.04244 -0.05302
   0.81234 -0.03935 -0.03268
   0.83008 -0.03622 -0.01135
   0.84761 -0.03304  0.01081
   0.86489 -0.02985  0.03432
   0.88181 -0.02665  0.05937
   0.89830 -0.02346  0.08622
   0.91424 -0.02031  0.11513
   0.92952 -0.01723  0.14653
   0.94404 -0.01425  0.18136
   0.95771 -0.01139  0.22057
   0.97048 -0.00867  0.26663
   0.98231 -0.00611  0.32498
   0.99322 -0.00371  0.40593
   1.00000 -0.00221  0.58227
