   4.0972227e-01   1.4264665e+00   9.7649938e-01   3.2046274e-01   1.6178280e-01   1.0083761e-01   6.9964540e-02   5.1509244e-02   1.5911405e-02   1.3913971e-02   1.2162186e-02   1.0619633e-02   3.9679887e-03   3.6471745e-03   3.2776388e-03   1.6509144e-03   4.2341140e-03   3.0104279e-04  -2.2229605e-04  -5.3907841e-04  -9.9495749e-04  -1.3624290e-03  -2.4962383e-03  -3.6679490e-03  -4.7943816e-03  -5.9067685e-03  -8.7503464e-03  -1.1851629e-02  -1.4744685e-02  -1.7101222e-02  -1.7017607e-02  -4.7993547e-03  -4.7815667e-02  -6.3844236e-02
   1.5741623e-02   4.1071603e-01   2.2521469e+00   5.2510531e-01   2.2203252e-01   1.2696079e-01   8.4032404e-02   6.0125162e-02   1.8093996e-02   1.5728291e-02   1.3681895e-02   1.1900945e-02   4.4204637e-03   4.0591575e-03   3.6457161e-03   1.8344145e-03   4.7175361e-03   3.3372798e-04  -2.5019689e-04  -6.1091589e-04  -1.1319237e-03  -1.5578157e-03  -2.8926460e-03  -4.2940243e-03  -5.6815474e-03  -7.1007509e-03  -1.1033825e-02  -1.5734270e-02  -2.1248141e-02  -2.8428314e-02  -3.8762039e-02  -5.6826509e-02  -2.4429549e-01  -2.1548643e-01
  -3.6760436e-02  -1.7686631e-02   4.0270496e-01   1.4751205e+00   4.1588969e-01   1.9401671e-01   1.1585078e-01   7.8182319e-02   2.2387471e-02   1.9237985e-02   1.6581592e-02   1.4318456e-02   5.2614570e-03   4.8221528e-03   4.3253897e-03   2.1718390e-03   5.6102612e-03   3.9341111e-04  -3.0189241e-04  -7.4488752e-04  -1.3889241e-03  -1.9269274e-03  -3.6497823e-03  -5.5058717e-03  -7.4251063e-03  -9.4885457e-03  -1.5730573e-02  -2.4111510e-02  -3.6251657e-02  -5.7192745e-02  -1.0213898e-01  -2.2214643e-01  -2.2328040e-01  -1.0644551e-01
  -3.9349606e-02  -4.1242777e-02   3.9978224e-03   3.8962525e-01   1.5213536e+00   4.3373737e-01   2.0162202e-01   1.1975376e-01   3.1149483e-02   2.6184404e-02   2.2183075e-02   1.8899387e-02   6.8145779e-03   6.2232545e-03   5.5678692e-03   2.7846276e-03   7.2439248e-03   5.0059990e-04  -3.9714554e-04  -9.9449918e-04  -1.8724279e-03  -2.6288420e-03  -5.1153792e-03  -7.8999371e-03  -1.0950144e-02  -1.4444453e-02  -2.5877033e-02  -4.3433991e-02  -7.3783983e-02  -1.3472148e-01  -2.5389985e-01  -2.8150604e-01  -1.0637242e-01  -6.6590928e-02
  -3.6540966e-02  -3.9390834e-02  -4.6477117e-02  -5.3345008e-03   3.6694264e-01   1.6001769e+00   4.5708543e-01   2.1130128e-01   4.6847449e-02   3.7989934e-02   3.1325650e-02   2.6145881e-02   9.1758760e-03   8.3343040e-03   7.4263349e-03   3.6918172e-03   9.6875105e-03   6.5660569e-04  -5.4001768e-04  -1.3738405e-03  -2.6163542e-03  -3.7232345e-03  -7.4459816e-03  -1.1800341e-02  -1.6848585e-02  -2.2983498e-02  -4.3978423e-02  -7.9705144e-02  -1.4480560e-01  -2.4926192e-01  -2.8808910e-01  -1.8753059e-01  -6.9809357e-02  -5.1031964e-02
  -3.4503536e-02  -3.7004351e-02  -5.8124972e-02  -5.5250050e-02  -1.8476378e-02   3.4302278e-01   1.6982644e+00   4.8767101e-01   8.0340407e-02   6.0943673e-02   4.7948758e-02   3.8683456e-02   1.3028320e-02   1.1732124e-02   1.0384873e-02   5.1143444e-03   1.3569317e-02   8.9536971e-04  -7.6563573e-04  -1.9812133e-03  -3.8241523e-03  -5.5255518e-03  -1.1355619e-02  -1.8497987e-02  -2.7215081e-02  -3.8314680e-02  -7.6773426e-02  -1.4281947e-01  -2.3612938e-01  -2.7914386e-01  -2.1513893e-01  -1.3774937e-01  -5.4489381e-02  -4.3548453e-02
  -3.3617459e-02  -3.5757784e-02  -6.2511919e-02  -6.7141684e-02  -6.6769595e-02  -3.3667920e-02   3.1610626e-01   1.8353557e+00   1.8192005e-01   1.1792383e-01   8.4177771e-02   6.3670440e-02   2.0008735e-02   1.7751961e-02   1.5531320e-02   7.5302294e-03   2.0270874e-02   1.2860263e-03  -1.1457400e-03  -3.0182768e-03  -5.9171441e-03  -8.6922205e-03  -1.8317230e-02  -3.0606764e-02  -4.6073311e-02  -6.5901244e-02  -1.3252888e-01  -2.2117380e-01  -2.6819139e-01  -2.2840528e-01  -1.6327062e-01  -1.1325084e-01  -4.7107699e-02  -3.9852017e-02
  -3.3964928e-02  -3.5868436e-02  -6.6285025e-02  -7.2801266e-02  -7.9491988e-02  -8.1667025e-02  -5.3366672e-02   2.8011734e-01   9.8748748e-01   3.6531165e-01   1.9706515e-01   1.2761516e-01   3.4967697e-02   3.0123722e-02   2.5759639e-02   1.2137765e-02   3.3328877e-02   1.9867766e-03  -1.8430220e-03  -4.9425913e-03  -9.8519291e-03  -1.4697638e-02  -3.1523783e-02  -5.3240130e-02  -7.9599417e-02  -1.0982059e-01  -2.0498529e-01  -2.5901158e-01  -2.3638860e-01  -1.8262218e-01  -1.3542431e-01  -1.0149607e-01  -4.3837521e-02  -3.8573364e-02
  -3.5320364e-02  -3.7146403e-02  -7.0575535e-02  -7.7757018e-02  -8.6207343e-02  -9.4683136e-02  -9.7246719e-02  -5.3787395e-02   2.5042134e-01   2.0742446e+00   6.1047038e-01   2.8332243e-01   6.1836002e-02   5.0830776e-02   4.1979260e-02   1.9006875e-02   5.3266707e-02   2.9457073e-03  -2.8009260e-03  -7.6007574e-03  -1.5306672e-02  -2.2964369e-02  -4.9274130e-02  -8.1351124e-02  -1.1519462e-01  -1.4505748e-01  -2.4480645e-01  -2.5016088e-01  -2.0807369e-01  -1.6163391e-01  -1.2504883e-01  -9.8453076e-02  -4.3479590e-02  -3.9134877e-02
  -3.6638505e-02  -3.8439144e-02  -7.4056547e-02  -8.1525600e-02  -9.0543707e-02  -1.0067166e-01  -1.0969922e-01  -1.0339309e-01  -7.7180072e-02   2.2517721e-01   2.2577944e+00   6.6891523e-01   1.0532578e-01   8.0978418e-02   6.3846906e-02   2.7559481e-02   7.8512785e-02   4.0205295e-03  -3.8532030e-03  -1.0508994e-02  -2.1220228e-02  -3.1708073e-02  -6.7198697e-02  -1.0618261e-01  -1.4007201e-01  -1.6155778e-01  -2.5625757e-01  -2.3747997e-01  -1.9343411e-01  -1.5271117e-01  -1.2138728e-01  -9.8273208e-02  -4.3938187e-02  -4.0045963e-02
  -3.8478859e-02  -4.0288453e-02  -7.8546844e-02  -8.6354105e-02  -9.5875830e-02  -1.0706883e-01  -1.1933144e-01  -1.2742153e-01  -1.0917128e-01  -9.3471716e-02   2.0441674e-01   2.4879301e+00   2.3714896e-01   1.5524218e-01   1.1099652e-01   4.3907697e-02   1.2723439e-01   5.7996442e-03  -5.5165395e-03  -1.5049444e-02  -3.0222835e-02  -4.4389487e-02  -9.1412237e-02  -1.3369162e-01  -1.6026185e-01  -1.6875942e-01  -2.5734425e-01  -2.2490184e-01  -1.8293697e-01  -1.4739769e-01  -1.2019495e-01  -9.9762454e-02  -4.5090516e-02  -4.1553094e-02
  -4.0902710e-02  -4.2756866e-02  -8.4226577e-02  -9.2470769e-02  -1.0254806e-01  -1.1461751e-01  -1.2880972e-01  -1.4339907e-01  -1.1377145e-01  -1.2401422e-01  -1.0995862e-01   1.8994130e-01   1.3393805e+00   4.8398041e-01   2.5854080e-01   8.3661542e-02   2.4328873e-01   9.1212173e-03  -8.3306539e-03  -2.2513549e-02  -4.4227105e-02  -6.2381562e-02  -1.2210107e-01  -1.5963263e-01  -1.7238352e-01  -1.6822107e-01  -2.5311300e-01  -2.1490747e-01  -1.7642566e-01  -1.4523246e-01  -1.2124480e-01  -1.0289446e-01  -4.6952944e-02  -4.3696989e-02
  -4.3366669e-02  -4.5298610e-02  -8.9901075e-02  -9.8670978e-02  -1.0939811e-01  -1.2235599e-01  -1.3801298e-01  -1.5599677e-01  -1.1682855e-01  -1.3071973e-01  -1.4129297e-01  -1.1137197e-01   1.8174031e-01   2.6132638e+00   7.9825473e-01   1.7451009e-01   4.7497090e-01   1.4003338e-02  -1.1785847e-02  -3.1258081e-02  -5.9221720e-02  -7.9150703e-02  -1.4694424e-01  -1.7412110e-01  -1.7533697e-01  -1.6437513e-01  -2.4872511e-01  -2.0980338e-01  -1.7428483e-01  -1.4589791e-01  -1.2388201e-01  -1.0679253e-01  -4.9061395e-02  -4.5975828e-02
  -4.5201661e-02  -4.7200362e-02  -9.4121368e-02  -1.0330688e-01  -1.1453746e-01  -1.2814445e-01  -1.4474521e-01  -1.6450904e-01  -1.1888708e-01  -1.3321913e-01  -1.4798122e-01  -1.5018399e-01  -1.1442999e-01   1.7662520e-01   2.8399080e+00   4.0938773e-01   8.7351150e-01   2.0287873e-02  -1.5377141e-02  -3.9849491e-02  -7.2602712e-02  -9.2230043e-02  -1.6418452e-01  -1.8172695e-01  -1.7570754e-01  -1.6142584e-01  -2.4619346e-01  -2.0746761e-01  -1.7378305e-01  -1.4703392e-01  -1.2617096e-01  -1.0983090e-01  -5.0669142e-02  -4.7689133e-02
  -4.7444657e-02  -4.9551064e-02  -9.9323652e-02  -1.0914190e-01  -1.2116056e-01  -1.3579688e-01  -1.5384709e-01  -1.7599603e-01  -1.2348026e-01  -1.3847663e-01  -1.5583327e-01  -1.7155478e-01  -1.4059937e-01  -1.3407526e-01   1.3322326e-01   2.2562728e+00   1.7184223e+00   3.2828763e-02  -2.0229798e-02  -5.0667852e-02  -8.7688075e-02  -1.0465861e-01  -1.7840598e-01  -1.8540498e-01  -1.7362712e-01  -1.5742441e-01  -2.4306011e-01  -2.0560032e-01  -1.7401824e-01  -1.4895679e-01  -1.2925025e-01  -1.1365808e-01  -5.2674743e-02  -4.9799993e-02
  -4.9156837e-02  -5.1369321e-02  -1.0341319e-01  -1.1384892e-01  -1.2664759e-01  -1.4231104e-01  -1.6178722e-01  -1.8613293e-01  -1.2803242e-01  -1.4355827e-01  -1.6219270e-01  -1.8285839e-01  -1.4087666e-01  -1.5531331e-01  -1.3213518e-01   3.0150530e-01   3.0894763e+00   5.6714040e-02  -2.5318813e-02  -6.1163028e-02  -1.0121248e-01  -1.1412404e-01  -1.8759135e-01  -1.8623276e-01  -1.7076738e-01  -1.5363941e-01  -2.3960872e-01  -2.0353939e-01  -1.7372977e-01  -1.5006977e-01  -1.3134688e-01  -1.1641873e-01  -5.4159559e-02  -5.1384950e-02
  -4.9167965e-02  -5.1342661e-02  -1.0355982e-01  -1.1381882e-01  -1.2629662e-01  -1.4137462e-01  -1.5976309e-01  -1.8202269e-01  -1.2050643e-01  -1.3234013e-01  -1.4498475e-01  -1.5585470e-01  -1.0254638e-01  -1.0231367e-01  -7.7687945e-02   1.0944293e-02   8.0471896e-01   2.1059944e-01  -6.3355290e-02  -1.2391859e-01  -1.6498268e-01  -1.6050869e-01  -2.4120346e-01  -2.1433759e-01  -1.8517129e-01  -1.6102104e-01  -2.4891842e-01  -2.0660674e-01  -1.7459846e-01  -1.5021631e-01  -1.3132386e-01  -1.1642994e-01  -5.4072975e-02  -5.1347111e-02
   4.6233243e-02   4.8943700e-02   1.0676942e-01   1.2207877e-01   1.4200945e-01   1.6852260e-01   2.0525253e-01   2.5890794e-01   1.6518527e-01   1.9510005e-01   2.3635793e-01   2.9774782e-01   1.8936855e-01   2.2830792e-01   2.8272312e-01   2.1552145e-01   7.6852317e-01   8.0471896e-01   4.8454126e-01   4.8451553e-01   2.6362351e-01   1.8285014e-01   3.2180732e-01   2.2633487e-01   1.7683559e-01   1.4678679e-01   2.7038195e-01   2.1108278e-01   1.7393100e-01   1.4812665e-01   1.2911093e-01   1.1457544e-01   5.0064420e-02   4.7815404e-02
   4.5021996e-02   4.7781226e-02   1.0476969e-01   1.2051135e-01   1.4114161e-01   1.6880419e-01   2.0744304e-01   2.6433106e-01   1.6885048e-01   1.9984455e-01   2.4185165e-01   3.0238358e-01   1.8370793e-01   2.1487008e-01   2.5293065e-01   1.7097216e-01   6.1198932e-01   2.1286930e-01   4.3522128e-01   1.7257832e+00   5.0695737e-01   2.6676661e-01   4.1948676e-01   2.6071735e-01   1.9183194e-01   1.5397033e-01   2.8111566e-01   2.1361304e-01   1.7346889e-01   1.4645522e-01   1.2695081e-01   1.1224778e-01   4.8794523e-02   4.6570368e-02
   4.1354754e-02   4.4120200e-02   9.7734955e-02   1.1380666e-01   1.3516959e-01   1.6432913e-01   2.0588211e-01   2.6844188e-01   1.7412462e-01   2.0850758e-01   2.5473062e-01   3.1954924e-01   1.8661688e-01   2.1264908e-01   2.3922117e-01   1.4622836e-01   5.2252369e-01   8.3141976e-02   2.6720955e-02   3.7837445e-01   1.2569244e+00   4.1137428e-01   5.3840898e-01   2.8356650e-01   1.9381892e-01   1.4987563e-01   2.7419015e-01   2.0264113e-01   1.6235283e-01   1.3607852e-01   1.1747140e-01   1.0362607e-01   4.4756011e-02   4.2721589e-02
   3.8455058e-02   4.1272675e-02   9.2492832e-02   1.0922403e-01   1.3183190e-01   1.6332098e-01   2.0922678e-01   2.8008041e-01   1.8425735e-01   2.2282886e-01   2.7326361e-01   3.3950072e-01   1.8373836e-01   1.9974089e-01   2.0968505e-01   1.1413841e-01   3.9549682e-01   3.8750599e-02  -2.2592645e-03   4.8539289e-02   3.8333104e-01   1.3151677e+00   9.3762465e-01   3.6267633e-01   2.1654204e-01   1.5669684e-01   2.8347102e-01   2.0017862e-01   1.5669406e-01   1.2958515e-01   1.1093354e-01   9.7327667e-02   4.1634328e-02   3.9709303e-02
   3.6479554e-02   3.9378140e-02   8.9220660e-02   1.0679168e-01   1.3091675e-01   1.6517906e-01   2.1623554e-01   2.9690494e-01   1.9735088e-01   2.3997872e-01   2.9304383e-01   3.5560183e-01   1.7513259e-01   1.8068673e-01   1.7758162e-01   8.8819662e-02   2.9422756e-01   2.2870625e-02  -4.7628549e-03   7.0873823e-03   3.5232623e-02   3.7181275e-01   2.1217624e+00   5.3151913e-01   2.6122822e-01   1.7271939e-01   3.0496098e-01   2.0401481e-01   1.5537163e-01   1.2646408e-01   1.0717921e-01   9.3406841e-02   3.9550525e-02   3.7673925e-02
   3.4434369e-02   3.7495850e-02   8.6354130e-02   1.0549821e-01   1.3243435e-01   1.7183749e-01   2.3254180e-01   3.3176675e-01   2.2206761e-01   2.6956302e-01   3.2112020e-01   3.6579661e-01   1.5377509e-01   1.4732211e-01   1.3382696e-01   6.2017433e-02   1.9230774e-01   1.2817438e-02  -4.2303194e-03  -3.7933476e-03  -9.5742961e-03  -1.4457953e-03   4.0196440e-01   1.2958248e+00   4.0952621e-01   2.1994910e-01   3.6176078e-01   2.1877787e-01   1.5850930e-01   1.2540863e-01   1.0441135e-01   8.9923108e-02   3.7451428e-02   3.5587648e-02
   3.3200415e-02   3.6576088e-02   8.6041073e-02   1.0805457e-01   1.4008667e-01   1.8885768e-01   2.6735288e-01   4.0058042e-01   2.6197178e-01   3.0737538e-01   3.3804680e-01   3.3745486e-01   1.1735851e-01   1.0475382e-01   8.9480687e-02   3.9832178e-02   1.1550286e-01   7.2427207e-03  -3.0036885e-03  -4.7324365e-03  -1.1074955e-02  -1.5895990e-02   4.4560653e-02   4.0686666e-01   1.3182264e+00   4.1109665e-01   5.3067047e-01   2.6411401e-01   1.7454938e-01   1.3132170e-01   1.0601607e-01   8.9467637e-02   3.6355263e-02   3.4390646e-02
   3.2672540e-02   3.6454526e-02   8.7709802e-02   1.1352798e-01   1.5252891e-01   2.1459141e-01   3.1918035e-01   5.0140891e-01   3.0254419e-01   3.2807557e-01   3.1894165e-01   2.7675062e-01   8.5789340e-02   7.3861431e-02   6.1480052e-02   2.7178329e-02   7.5490345e-02   4.6768894e-03  -2.2074616e-03  -4.0711212e-03  -8.8804664e-03  -1.3074072e-02   1.4305226e-03   3.8815546e-02   4.0318475e-01   1.3463433e+00   9.3723183e-01   3.5049093e-01   2.0325900e-01   1.4298948e-01   1.1098816e-01   9.1337959e-02   3.6085470e-02   3.3947864e-02
   3.2596591e-02   3.6891744e-02   9.0989065e-02   1.2186053e-01   1.7054474e-01   2.5201223e-01   3.9604838e-01   6.4674178e-01   3.2839125e-01   3.1569979e-01   2.6931007e-01   2.1102745e-01   6.2496856e-02   5.3071552e-02   4.3854245e-02   1.9505747e-02   5.2701805e-02   3.2770904e-03  -1.6904510e-03  -3.3679709e-03  -7.0260545e-03  -1.0235887e-02  -7.1638895e-03  -4.5605768e-03   3.3329297e-02   3.9969679e-01   2.1136037e+00   5.2451800e-01   2.5165221e-01   1.6156542e-01   1.1922985e-01   9.5120327e-02   3.6374702e-02   3.3996518e-02
   3.3172566e-02   3.8507608e-02   9.9156662e-02   1.4122093e-01   2.1304962e-01   3.4473049e-01   5.9344540e-01   9.6177802e-01   3.0408423e-01   2.4340689e-01   1.8306665e-01   1.3469863e-01   4.0003956e-02   3.3958936e-02   2.8176314e-02   1.2747788e-02   3.3597424e-02   2.1205404e-03  -1.2016497e-03  -2.5532939e-03  -5.1106018e-03  -7.3190632e-03  -8.7471560e-03  -1.3062081e-02  -1.4282406e-02  -6.5973455e-04   4.1516617e-01   1.3111530e+00   4.0598435e-01   2.1093769e-01   1.3977527e-01   1.0479876e-01   3.7737896e-02   3.4842478e-02
   3.5958452e-02   4.3571061e-02   1.2038618e-01   1.9107738e-01   3.3079712e-01   6.2844351e-01   1.1479817e+00   1.1351634e+00   1.9188733e-01   1.3984611e-01   1.0243602e-01   7.6059133e-02   2.3682244e-02   2.0366482e-02   1.7143682e-02   7.9477894e-03   2.0591648e-02   1.3324283e-03  -8.1649917e-04  -1.8134769e-03  -3.5156368e-03  -4.9484483e-03  -7.2245832e-03  -1.1170494e-02  -1.4934416e-02  -1.7762488e-02   4.3524830e-02   4.2188231e-01   1.3158934e+00   3.9591916e-01   2.0170998e-01   1.3205365e-01   4.2516264e-02   3.8324432e-02
   4.1491595e-02   5.3421329e-02   1.6255065e-01   3.0457814e-01   6.5952107e-01   1.5049004e+00   1.4615758e+00   6.1888259e-01   1.0689225e-01   7.9524645e-02   6.0241991e-02   4.6380028e-02   1.5173212e-02   1.3251969e-02   1.1327884e-02   5.3652746e-03   1.3788614e-02   9.1305827e-04  -5.9048589e-04  -1.3475246e-03  -2.5633920e-03  -3.5689759e-03  -5.6902940e-03  -8.6921153e-03  -1.1691533e-02  -1.4632922e-02  -4.9333894e-04   4.3115657e-02   4.3585421e-01   1.2994934e+00   3.8410286e-01   1.9361154e-01   5.2226167e-02   4.5284092e-02
   5.2342789e-02   7.3969932e-02   2.6003131e-01   6.5736969e-01   2.1900986e+00   2.1652608e+00   6.6228798e-01   2.9345145e-01   6.1945226e-02   4.8186580e-02   3.8030535e-02   3.0366721e-02   1.0356139e-02   9.1746542e-03   7.9522451e-03   3.8346155e-03   9.8183901e-03   6.6352513e-04  -4.4617877e-04  -1.0371510e-03  -1.9490341e-03  -2.6937903e-03  -4.5120522e-03  -6.7956141e-03  -9.0552012e-03  -1.1314041e-02  -8.4930671e-03  -1.7961585e-03   4.6218760e-02   4.5066577e-01   1.2783374e+00   3.7439164e-01   7.3893912e-02   5.9639711e-02
   7.6308811e-02   1.2721113e-01   5.7814325e-01   3.2541122e+00   3.7372925e+00   6.8943990e-01   2.8537267e-01   1.5557623e-01   3.8512484e-02   3.1236226e-02   2.5562525e-02   2.1062700e-02   7.4286492e-03   6.6632716e-03   5.8454986e-03   2.8612257e-03   7.3158466e-03   5.0323084e-04  -3.4858436e-04  -8.2136611e-04  -1.5307086e-03  -2.1047925e-03  -3.6394355e-03  -5.4176116e-03  -7.1487792e-03  -8.8643763e-03  -9.5292407e-03  -9.9643123e-03  -1.1215850e-03   4.9957764e-02   4.6220433e-01   1.2620177e+00   1.3915868e-01   9.5301852e-02
   1.4916886e-01   3.7120796e-01   3.3558271e+00   4.8895089e+00   6.5743588e-01   2.6296164e-01   1.4454865e-01   9.1945193e-02   2.5509728e-02   2.1425816e-02   1.8073172e-02   1.5289531e-02   5.5415967e-03   5.0241359e-03   4.4537548e-03   2.2077219e-03   5.6444667e-03   3.9429010e-04  -2.7968925e-04  -6.6611931e-04  -1.2340755e-03  -1.6907276e-03  -2.9906839e-03  -4.4113433e-03  -5.7741460e-03  -7.1085225e-03  -8.9478780e-03  -1.1004473e-02  -1.0197364e-02  -1.3103548e-04   5.2545805e-02   4.6796311e-01   6.1405067e-01   2.4170745e-01
   4.1203096e-01   3.6903553e+00   9.3673984e+00   7.8378149e-01   2.7988887e-01   1.4914228e-01   9.4483041e-02   6.5492318e-02   1.9385117e-02   1.6646332e-02   1.4315909e-02   1.2318436e-02   4.5422703e-03   4.1473523e-03   3.7020311e-03   1.8502863e-03   4.7327820e-03   3.3402660e-04  -2.4050508e-04  -5.7663902e-04  -1.0647257e-03  -1.4556840e-03  -2.6092894e-03  -3.8274273e-03  -4.9847693e-03  -6.1081857e-03  -8.2518159e-03  -1.0550686e-02  -1.1486166e-02  -8.7987033e-03   6.9946648e-03   9.0750992e-02   4.7049899e-01   1.2655240e+00
   1.6925186e+00   3.1465785e+00   1.3617004e+00   3.6988455e-01   1.7720598e-01   1.0753642e-01   7.3325054e-02   5.3301277e-02   1.6356908e-02   1.4233552e-02   1.2384622e-02   1.0767118e-02   4.0113195e-03   3.6786300e-03   3.2977817e-03   1.6566193e-03   4.2396168e-03   3.0113189e-04  -2.1883798e-04  -5.2687043e-04  -9.7106554e-04  -1.3261968e-03  -2.3960541e-03  -3.5038239e-03  -4.5507753e-03  -5.5622317e-03  -7.7938956e-03  -1.0107188e-02  -1.1559768e-02  -1.0994951e-02  -3.8923961e-03   3.1231397e-02   4.9351525e-02   4.6572782e-01
