
     1.000000    0.002205
     0.991533    0.004460
     0.977666    0.008108
     0.962346    0.012072
     0.945590    0.016333
     0.927499    0.020847
     0.908242    0.025557
     0.888026    0.030399
     0.867066    0.035312
     0.845551    0.040243
     0.823639    0.045152
     0.801451    0.050008
     0.779078    0.054788
     0.756588    0.059476
     0.734031    0.064058
     0.711445    0.068526
     0.688862    0.072871
     0.666307    0.077083
     0.643802    0.081157
     0.621368    0.085083
     0.599023    0.088854
     0.576787    0.092462
     0.554678    0.095898
     0.532715    0.099153
     0.510917    0.102218
     0.489304    0.105083
     0.467897    0.107738
     0.446720    0.110173
     0.425795    0.112379
     0.405152    0.114346
     0.384818    0.116065
     0.364828    0.117527
     0.345219    0.118725
     0.326032    0.119652
     0.307313    0.120305
     0.289114    0.120683
     0.271486    0.120787
     0.254488    0.120624
     0.238171    0.120203
     0.222589    0.119538
     0.207782    0.118649
     0.193783    0.117556
     0.180602    0.116261
     0.168214    0.114755
     0.156575    0.113041
     0.145635    0.111124
     0.135347    0.109014
     0.125664    0.106724
     0.116547    0.104267
     0.107962    0.101659
     0.099875    0.098915
     0.092259    0.096052
     0.085088    0.093084
     0.078339    0.090028
     0.071991    0.086898
     0.066023    0.083708
     0.060416    0.080471
     0.055153    0.077199
     0.050215    0.073904
     0.045588    0.070594
     0.041255    0.067277
     0.037203    0.063962
     0.033416    0.060655
     0.029882    0.057359
     0.026590    0.054081
     0.023527    0.050822
     0.020684    0.047586
     0.018051    0.044374
     0.015620    0.041188
     0.013384    0.038029
     0.011335    0.034899
     0.009469    0.031796
     0.007780    0.028723
     0.006265    0.025680
     0.004919    0.022666
     0.003740    0.019684
     0.002727    0.016735
     0.001876    0.013821
     0.001187    0.010943
     0.000657    0.008105
     0.000285    0.005311
     0.000067    0.002562
     0.000000   -0.000131
     0.000084   -0.002816
     0.000331   -0.005530
     0.000759   -0.008259
     0.001383   -0.010991
     0.002216   -0.013713
     0.003270   -0.016411
     0.004553   -0.019069
     0.006068   -0.021675
     0.007816   -0.024217
     0.009795   -0.026687
     0.012002   -0.029079
     0.014433   -0.031392
     0.017085   -0.033627
     0.019958   -0.035789
     0.023054   -0.037884
     0.026377   -0.039917
     0.029936   -0.041898
     0.033743   -0.043835
     0.037813   -0.045736
     0.042168   -0.047612
     0.046830   -0.049470
     0.051830   -0.051322
     0.057203   -0.053177
     0.062991   -0.055045
     0.069241   -0.056936
     0.076008   -0.058863
     0.083355   -0.060834
     0.091347   -0.062861
     0.100057   -0.064950
     0.109555   -0.067108
     0.119902   -0.069332
     0.131144   -0.071615
     0.143296   -0.073937
     0.156337   -0.076263
     0.170211   -0.078548
     0.184831   -0.080733
     0.200114   -0.082754
     0.216004   -0.084548
     0.232476   -0.086091
     0.249503   -0.087376
     0.267056   -0.088398
     0.285105   -0.089155
     0.303619   -0.089646
     0.322567   -0.089872
     0.341919   -0.089836
     0.361646   -0.089543
     0.381722   -0.088999
     0.402119   -0.088210
     0.422814   -0.087184
     0.443783   -0.085928
     0.465004   -0.084452
     0.486456   -0.082765
     0.508120   -0.080874
     0.529974   -0.078788
     0.552000   -0.076517
     0.574180   -0.074068
     0.596495   -0.071450
     0.618927   -0.068671
     0.641456   -0.065738
     0.664063   -0.062658
     0.686728   -0.059438
     0.709426   -0.056086
     0.732134   -0.052607
     0.754818   -0.049010
     0.777440   -0.045303
     0.799948   -0.041497
     0.822275   -0.037604
     0.844329   -0.033644
     0.865986   -0.029643
     0.887091   -0.025633
     0.907452   -0.021660
     0.926854   -0.017776
     0.945089   -0.014034
     0.961987   -0.010485
     0.977447   -0.007169
     0.991448   -0.004105
     1.000000   -0.002205
