
     1.000000    0.002205
     0.996706    0.003085
     0.991588    0.004446
     0.986247    0.005857
     0.980681    0.007319
     0.974885    0.008832
     0.968857    0.010395
     0.962600    0.012007
     0.956114    0.013666
     0.949405    0.015370
     0.942480    0.017115
     0.935347    0.018899
     0.928017    0.020719
     0.920501    0.022570
     0.912813    0.024448
     0.904966    0.026349
     0.896973    0.028269
     0.888848    0.030204
     0.880605    0.032151
     0.872256    0.034105
     0.863813    0.036064
     0.855287    0.038025
     0.846688    0.039985
     0.838026    0.041942
     0.829309    0.043893
     0.820544    0.045836
     0.811739    0.047771
     0.802898    0.049695
     0.794028    0.051607
     0.785133    0.053506
     0.776217    0.055391
     0.767283    0.057261
     0.758336    0.059115
     0.749378    0.060953
     0.740412    0.062774
     0.731439    0.064577
     0.722463    0.066362
     0.713485    0.068128
     0.704507    0.069874
     0.695531    0.071601
     0.686558    0.073307
     0.677590    0.074992
     0.668628    0.076656
     0.659674    0.078298
     0.650729    0.079917
     0.641793    0.081514
     0.632870    0.083087
     0.623959    0.084637
     0.615062    0.086162
     0.606180    0.087662
     0.597314    0.089137
     0.588465    0.090586
     0.579635    0.092009
     0.570825    0.093404
     0.562035    0.094772
     0.553268    0.096112
     0.544524    0.097423
     0.535804    0.098705
     0.527110    0.099958
     0.518442    0.101179
     0.509803    0.102370
     0.501193    0.103529
     0.492614    0.104656
     0.484067    0.105749
     0.475554    0.106810
     0.467075    0.107836
     0.458632    0.108827
     0.450227    0.109784
     0.441862    0.110704
     0.433538    0.111587
     0.425256    0.112433
     0.417018    0.113242
     0.408827    0.114012
     0.400684    0.114743
     0.392591    0.115435
     0.384550    0.116086
     0.376563    0.116697
     0.368633    0.117267
     0.360762    0.117795
     0.352952    0.118282
     0.345206    0.118726
     0.337526    0.119127
     0.329916    0.119485
     0.322379    0.119800
     0.314917    0.120071
     0.307533    0.120299
     0.300231    0.120484
     0.293015    0.120625
     0.285887    0.120722
     0.278851    0.120777
     0.271910    0.120788
     0.265069    0.120757
     0.258329    0.120685
     0.251696    0.120571
     0.245173    0.120416
     0.238761    0.120223
     0.232466    0.119990
     0.226289    0.119720
     0.220233    0.119414
     0.214300    0.119073
     0.208494    0.118698
     0.202815    0.118291
     0.197265    0.117853
     0.191845    0.117383
     0.186555    0.116882
     0.181393    0.116347
     0.176356    0.115779
     0.171443    0.115177
     0.166650    0.114543
     0.161975    0.113875
     0.157414    0.113175
     0.152964    0.112443
     0.148622    0.111679
     0.144385    0.110884
     0.140250    0.110059
     0.136214    0.109204
     0.132275    0.108321
     0.128429    0.107410
     0.124674    0.106472
     0.121008    0.105507
     0.117428    0.104518
     0.113933    0.103504
     0.110520    0.102468
     0.107187    0.101409
     0.103933    0.100329
     0.100755    0.099228
     0.097652    0.098109
     0.094623    0.096971
     0.091665    0.095816
     0.088776    0.094645
     0.085957    0.093458
     0.083204    0.092258
     0.080517    0.091044
     0.077895    0.089817
     0.075336    0.088579
     0.072838    0.087330
     0.070401    0.086072
     0.068023    0.084805
     0.065703    0.083529
     0.063440    0.082247
     0.061233    0.080958
     0.059080    0.079663
     0.056981    0.078363
     0.054935    0.077059
     0.052940    0.075751
     0.050995    0.074440
     0.049100    0.073126
     0.047253    0.071811
     0.045453    0.070494
     0.043700    0.069176
     0.041993    0.067857
     0.040330    0.066539
     0.038710    0.065221
     0.037134    0.063904
     0.035599    0.062588
     0.034106    0.061274
     0.032653    0.059962
     0.031240    0.058651
     0.029865    0.057343
     0.028529    0.056038
     0.027230    0.054735
     0.025967    0.053436
     0.024741    0.052140
     0.023550    0.050847
     0.022393    0.049558
     0.021271    0.048272
     0.020182    0.046991
     0.019126    0.045713
     0.018103    0.044439
     0.017111    0.043169
     0.016151    0.041904
     0.015222    0.040643
     0.014323    0.039386
     0.013455    0.038133
     0.012616    0.036885
     0.011806    0.035641
     0.011026    0.034402
     0.010274    0.033168
     0.009550    0.031937
     0.008855    0.030712
     0.008187    0.029491
     0.007547    0.028275
     0.006934    0.027063
     0.006348    0.025856
     0.005789    0.024654
     0.005257    0.023457
     0.004751    0.022265
     0.004272    0.021077
     0.003819    0.019895
     0.003391    0.018718
     0.002990    0.017546
     0.002615    0.016380
     0.002265    0.015219
     0.001941    0.014063
     0.001643    0.012914
     0.001370    0.011770
     0.001122    0.010633
     0.000899    0.009502
     0.000701    0.008377
     0.000529    0.007259
     0.000381    0.006148
     0.000257    0.005045
     0.000158    0.003948
     0.000083    0.002859
     0.000032    0.001780
     0.000005    0.000710
     0.000001   -0.000353
     0.000021   -0.001416
     0.000065   -0.002486
     0.000135   -0.003561
     0.000231   -0.004640
     0.000355   -0.005721
     0.000508   -0.006805
     0.000690   -0.007890
     0.000903   -0.008976
     0.001148   -0.010062
     0.001425   -0.011148
     0.001735   -0.012231
     0.002080   -0.013312
     0.002459   -0.014390
     0.002873   -0.015463
     0.003323   -0.016531
     0.003809   -0.017592
     0.004332   -0.018646
     0.004891   -0.019693
     0.005487   -0.020730
     0.006120   -0.021758
     0.006790   -0.022776
     0.007497   -0.023782
     0.008240   -0.024778
     0.009020   -0.025762
     0.009836   -0.026734
     0.010688   -0.027693
     0.011575   -0.028640
     0.012498   -0.029575
     0.013456   -0.030497
     0.014450   -0.031407
     0.015478   -0.032304
     0.016541   -0.033190
     0.017639   -0.034063
     0.018772   -0.034926
     0.019940   -0.035777
     0.021143   -0.036617
     0.022382   -0.037447
     0.023656   -0.038267
     0.024966   -0.039078
     0.026313   -0.039880
     0.027697   -0.040674
     0.029119   -0.041459
     0.030579   -0.042238
     0.032079   -0.043009
     0.033620   -0.043775
     0.035202   -0.044535
     0.036827   -0.045290
     0.038495   -0.046040
     0.040209   -0.046786
     0.041970   -0.047530
     0.043779   -0.048270
     0.045639   -0.049009
     0.047551   -0.049745
     0.049516   -0.050482
     0.051538   -0.051217
     0.053619   -0.051954
     0.055760   -0.052691
     0.057965   -0.053430
     0.060237   -0.054171
     0.062578   -0.054915
     0.064991   -0.055663
     0.067480   -0.056415
     0.070048   -0.057172
     0.072699   -0.057935
     0.075437   -0.058705
     0.078265   -0.059481
     0.081188   -0.060265
     0.084210   -0.061057
     0.087336   -0.061858
     0.090569   -0.062668
     0.093914   -0.063489
     0.097377   -0.064319
     0.100961   -0.065161
     0.104670   -0.066013
     0.108509   -0.066876
     0.112482   -0.067750
     0.116592   -0.068634
     0.120841   -0.069528
     0.125233   -0.070432
     0.129768   -0.071343
     0.134448   -0.072261
     0.139271   -0.073184
     0.144237   -0.074110
     0.149344   -0.075037
     0.154588   -0.075961
     0.159965   -0.076880
     0.165471   -0.077790
     0.171100   -0.078687
     0.176845   -0.079569
     0.182702   -0.080430
     0.188665   -0.081266
     0.194729   -0.082074
     0.200891   -0.082849
     0.207148   -0.083587
     0.213498   -0.084285
     0.219942   -0.084945
     0.226476   -0.085564
     0.233099   -0.086143
     0.239810   -0.086681
     0.246607   -0.087178
     0.253488   -0.087634
     0.260451   -0.088048
     0.267494   -0.088420
     0.274616   -0.088750
     0.281813   -0.089038
     0.289085   -0.089284
     0.296429   -0.089488
     0.303844   -0.089650
     0.311327   -0.089770
     0.318877   -0.089849
     0.326491   -0.089886
     0.334168   -0.089881
     0.341907   -0.089836
     0.349704   -0.089750
     0.357559   -0.089624
     0.365470   -0.089458
     0.373435   -0.089252
     0.381453   -0.089008
     0.389522   -0.088724
     0.397639   -0.088403
     0.405805   -0.088043
     0.414017   -0.087647
     0.422273   -0.087213
     0.430574   -0.086744
     0.438916   -0.086238
     0.447298   -0.085698
     0.455720   -0.085123
     0.464180   -0.084513
     0.472677   -0.083871
     0.481209   -0.083195
     0.489775   -0.082487
     0.498373   -0.081747
     0.507004   -0.080975
     0.515664   -0.080173
     0.524354   -0.079341
     0.533072   -0.078479
     0.541816   -0.077587
     0.550587   -0.076667
     0.559381   -0.075719
     0.568199   -0.074744
     0.577039   -0.073741
     0.585900   -0.072712
     0.594780   -0.071657
     0.603679   -0.070576
     0.612596   -0.069470
     0.621529   -0.068339
     0.630477   -0.067184
     0.639439   -0.066006
     0.648414   -0.064804
     0.657400   -0.063579
     0.666396   -0.062332
     0.675400   -0.061063
     0.684412   -0.059773
     0.693430   -0.058461
     0.702453   -0.057129
     0.711477   -0.055777
     0.720503   -0.054404
     0.729528   -0.053013
     0.738551   -0.051602
     0.747568   -0.050173
     0.756577   -0.048726
     0.765576   -0.047262
     0.774562   -0.045782
     0.783531   -0.044285
     0.792480   -0.042773
     0.801405   -0.041246
     0.810300   -0.039706
     0.819161   -0.038154
     0.827982   -0.036590
     0.836755   -0.035017
     0.845474   -0.033436
     0.854129   -0.031847
     0.862712   -0.030255
     0.871212   -0.028660
     0.879619   -0.027065
     0.887920   -0.025474
     0.896102   -0.023888
     0.904152   -0.022311
     0.912057   -0.020747
     0.919803   -0.019199
     0.927376   -0.017670
     0.934764   -0.016163
     0.941954   -0.014683
     0.948936   -0.013233
     0.955702   -0.011814
     0.962244   -0.010431
     0.968557   -0.009084
     0.974640   -0.007776
     0.980490   -0.006508
     0.986110   -0.005280
     0.991503   -0.004093
     0.996673   -0.002947
     1.000000   -0.002205
