
     1.000000    0.002205
     0.993324    0.003985
     0.982580    0.006822
     0.970925    0.009860
     0.958350    0.013095
     0.944878    0.016512
     0.930567    0.020088
     0.915499    0.023793
     0.899776    0.027597
     0.883508    0.031467
     0.866798    0.035374
     0.849740    0.039292
     0.832415    0.043199
     0.814890    0.047081
     0.797215    0.050922
     0.779434    0.054713
     0.761578    0.058446
     0.743674    0.062114
     0.725743    0.065712
     0.707801    0.069236
     0.689864    0.072680
     0.671944    0.076042
     0.654053    0.079318
     0.636200    0.082502
     0.618396    0.085593
     0.600650    0.088585
     0.582972    0.091474
     0.565370    0.094256
     0.547855    0.096927
     0.530436    0.099482
     0.513121    0.101916
     0.495923    0.104225
     0.478850    0.106403
     0.461914    0.108446
     0.445127    0.110348
     0.428501    0.112106
     0.412050    0.113713
     0.395788    0.115166
     0.379730    0.116459
     0.363895    0.117590
     0.348301    0.118553
     0.332969    0.119346
     0.317922    0.119967
     0.303183    0.120414
     0.288779    0.120688
     0.274737    0.120789
     0.261084    0.120719
     0.247849    0.120485
     0.235058    0.120091
     0.222736    0.119546
     0.210903    0.118859
     0.199577    0.118041
     0.188767    0.117097
     0.178471    0.116023
     0.168671    0.114816
     0.159345    0.113478
     0.150468    0.112010
     0.142015    0.110417
     0.133962    0.108705
     0.126289    0.106881
     0.118974    0.104951
     0.111999    0.102923
     0.105349    0.100804
     0.099008    0.098603
     0.092961    0.096328
     0.087198    0.093986
     0.081704    0.091585
     0.076470    0.089133
     0.071485    0.086637
     0.066739    0.084104
     0.062222    0.081540
     0.057925    0.078952
     0.053840    0.076346
     0.049958    0.073726
     0.046271    0.071097
     0.042771    0.068463
     0.039452    0.065829
     0.036304    0.063197
     0.033323    0.060571
     0.030501    0.057952
     0.027833    0.055344
     0.025312    0.052747
     0.022933    0.050164
     0.020692    0.047595
     0.018584    0.045042
     0.016604    0.042505
     0.014748    0.039985
     0.013014    0.037482
     0.011397    0.034997
     0.009896    0.032530
     0.008507    0.030081
     0.007228    0.027651
     0.006058    0.025239
     0.004995    0.022847
     0.004037    0.020474
     0.003184    0.018122
     0.002435    0.015791
     0.001787    0.013482
     0.001242    0.011197
     0.000797    0.008936
     0.000452    0.006702
     0.000205    0.004497
     0.000055    0.002321
     0.000000    0.000183
     0.000040   -0.001944
     0.000179   -0.004092
     0.000427   -0.006253
     0.000791   -0.008422
     0.001279   -0.010592
     0.001899   -0.012758
     0.002655   -0.014911
     0.003553   -0.017045
     0.004597   -0.019151
     0.005787   -0.021225
     0.007124   -0.023259
     0.008608   -0.025249
     0.010236   -0.027192
     0.012008   -0.029085
     0.013921   -0.030928
     0.015974   -0.032723
     0.018166   -0.034469
     0.020498   -0.036171
     0.022971   -0.037830
     0.025587   -0.039451
     0.028350   -0.041038
     0.031266   -0.042594
     0.034341   -0.044125
     0.037585   -0.045634
     0.041006   -0.047126
     0.044618   -0.048606
     0.048434   -0.050079
     0.052469   -0.051549
     0.056743   -0.053023
     0.061276   -0.054504
     0.066091   -0.055998
     0.071215   -0.057511
     0.076677   -0.059047
     0.082507   -0.060613
     0.088741   -0.062212
     0.095413   -0.063850
     0.102559   -0.065530
     0.110214   -0.067253
     0.118408   -0.069019
     0.127163   -0.070822
     0.136493   -0.072655
     0.146395   -0.074505
     0.156852   -0.076351
     0.167833   -0.078170
     0.179294   -0.079933
     0.191192   -0.081608
     0.203488   -0.083161
     0.216163   -0.084564
     0.229205   -0.085809
     0.242601   -0.086891
     0.256336   -0.087809
     0.270395   -0.088560
     0.284764   -0.089143
     0.299427   -0.089559
     0.314368   -0.089807
     0.329571   -0.089889
     0.345023   -0.089807
     0.360709   -0.089563
     0.376615   -0.089160
     0.392728   -0.088602
     0.409036   -0.087891
     0.425526   -0.087033
     0.442187   -0.086031
     0.459009   -0.084890
     0.475980   -0.083613
     0.493090   -0.082205
     0.510330   -0.080671
     0.527688   -0.079014
     0.545157   -0.077240
     0.562726   -0.075352
     0.580386   -0.073355
     0.598128   -0.071253
     0.615943   -0.069049
     0.633821   -0.066747
     0.651753   -0.064351
     0.669727   -0.061865
     0.687735   -0.059292
     0.705764   -0.056635
     0.723801   -0.053898
     0.741831   -0.051084
     0.759837   -0.048198
     0.777798   -0.045244
     0.795687   -0.042226
     0.813471   -0.039153
     0.831108   -0.036032
     0.848545   -0.032874
     0.865717   -0.029693
     0.882541   -0.026507
     0.898925   -0.023337
     0.914763   -0.020208
     0.929946   -0.017147
     0.944372   -0.014183
     0.957957   -0.011339
     0.970643   -0.008637
     0.982407   -0.006090
     0.993256   -0.003705
     1.000000   -0.002205
