
     1.000000    0.002205
     0.997342    0.002915
     0.993240    0.004007
     0.988994    0.005132
     0.984602    0.006290
     0.980060    0.007482
     0.975368    0.008707
     0.970524    0.009964
     0.965530    0.011254
     0.960385    0.012575
     0.955092    0.013926
     0.949653    0.015307
     0.944073    0.016715
     0.938355    0.018149
     0.932505    0.019607
     0.926529    0.021087
     0.920433    0.022586
     0.914224    0.024104
     0.907909    0.025637
     0.901496    0.027184
     0.894991    0.028742
     0.888402    0.030310
     0.881736    0.031884
     0.875000    0.033465
     0.868200    0.035049
     0.861342    0.036635
     0.854431    0.038221
     0.847474    0.039807
     0.840475    0.041390
     0.833438    0.042971
     0.826368    0.044547
     0.819268    0.046118
     0.812142    0.047682
     0.804993    0.049240
     0.797824    0.050791
     0.790637    0.052333
     0.783435    0.053866
     0.776220    0.055390
     0.768994    0.056904
     0.761758    0.058408
     0.754514    0.059902
     0.747264    0.061384
     0.740008    0.062856
     0.732749    0.064315
     0.725487    0.065763
     0.718224    0.067198
     0.710960    0.068621
     0.703696    0.070031
     0.696434    0.071428
     0.689174    0.072811
     0.681916    0.074181
     0.674662    0.075538
     0.667413    0.076880
     0.660169    0.078207
     0.652930    0.079520
     0.645698    0.080819
     0.638473    0.082102
     0.631256    0.083369
     0.624047    0.084621
     0.616848    0.085857
     0.609658    0.087077
     0.602478    0.088281
     0.595309    0.089467
     0.588152    0.090637
     0.581007    0.091789
     0.573875    0.092924
     0.566756    0.094041
     0.559651    0.095139
     0.552561    0.096219
     0.545486    0.097280
     0.538427    0.098323
     0.531384    0.099345
     0.524359    0.100348
     0.517351    0.101331
     0.510362    0.102294
     0.503393    0.103236
     0.496443    0.104156
     0.489513    0.105056
     0.482605    0.105934
     0.475719    0.106789
     0.468856    0.107623
     0.462016    0.108434
     0.455201    0.109222
     0.448410    0.109986
     0.441646    0.110727
     0.434909    0.111444
     0.428199    0.112137
     0.421518    0.112805
     0.414867    0.113448
     0.408246    0.114065
     0.401656    0.114658
     0.395099    0.115224
     0.388576    0.115765
     0.382088    0.116278
     0.375636    0.116766
     0.369221    0.117226
     0.362844    0.117659
     0.356507    0.118065
     0.350211    0.118443
     0.343958    0.118793
     0.337748    0.119116
     0.331584    0.119410
     0.325467    0.119676
     0.319398    0.119913
     0.313380    0.120122
     0.307413    0.120303
     0.301500    0.120455
     0.295642    0.120578
     0.289842    0.120673
     0.284100    0.120740
     0.278419    0.120778
     0.272801    0.120789
     0.267248    0.120772
     0.261761    0.120727
     0.256341    0.120655
     0.250992    0.120556
     0.245715    0.120431
     0.240511    0.120280
     0.235383    0.120103
     0.230331    0.119902
     0.225357    0.119676
     0.220463    0.119426
     0.215650    0.119154
     0.210919    0.118860
     0.206271    0.118544
     0.201707    0.118207
     0.197227    0.117850
     0.192833    0.117472
     0.188523    0.117074
     0.184298    0.116653
     0.180156    0.116212
     0.176096    0.115748
     0.172117    0.115263
     0.168217    0.114756
     0.164394    0.114227
     0.160647    0.113677
     0.156975    0.113105
     0.153375    0.112512
     0.149845    0.111899
     0.146385    0.111266
     0.142993    0.110612
     0.139667    0.109938
     0.136405    0.109246
     0.133207    0.108534
     0.130070    0.107805
     0.126994    0.107057
     0.123976    0.106292
     0.121017    0.105510
     0.118114    0.104711
     0.115267    0.103897
     0.112474    0.103067
     0.109734    0.102222
     0.107046    0.101363
     0.104410    0.100490
     0.101824    0.099604
     0.099288    0.098704
     0.096799    0.097793
     0.094359    0.096870
     0.091965    0.095935
     0.089617    0.094990
     0.087315    0.094035
     0.085056    0.093070
     0.082842    0.092096
     0.080670    0.091114
     0.078540    0.090123
     0.076452    0.089124
     0.074405    0.088118
     0.072397    0.087106
     0.070430    0.086087
     0.068500    0.085063
     0.066610    0.084033
     0.064756    0.082998
     0.062940    0.081958
     0.061160    0.080915
     0.059416    0.079867
     0.057707    0.078817
     0.056032    0.077763
     0.054392    0.076706
     0.052785    0.075648
     0.051211    0.074587
     0.049669    0.073525
     0.048159    0.072461
     0.046681    0.071396
     0.045233    0.070330
     0.043816    0.069264
     0.042428    0.068197
     0.041070    0.067131
     0.039741    0.066064
     0.038440    0.064998
     0.037167    0.063933
     0.035922    0.062868
     0.034704    0.061804
     0.033512    0.060741
     0.032346    0.059680
     0.031207    0.058620
     0.030092    0.057562
     0.029003    0.056505
     0.027938    0.055450
     0.026898    0.054397
     0.025881    0.053346
     0.024888    0.052297
     0.023918    0.051251
     0.022971    0.050206
     0.022047    0.049165
     0.021144    0.048125
     0.020264    0.047088
     0.019405    0.046054
     0.018568    0.045022
     0.017751    0.043993
     0.016955    0.042967
     0.016180    0.041943
     0.015425    0.040922
     0.014691    0.039904
     0.013975    0.038889
     0.013280    0.037877
     0.012604    0.036867
     0.011947    0.035861
     0.011309    0.034857
     0.010690    0.033857
     0.010090    0.032859
     0.009508    0.031864
     0.008945    0.030872
     0.008399    0.029884
     0.007872    0.028898
     0.007363    0.027916
     0.006871    0.026936
     0.006398    0.025960
     0.005941    0.024987
     0.005503    0.024016
     0.005081    0.023050
     0.004677    0.022086
     0.004291    0.021126
     0.003921    0.020168
     0.003569    0.019215
     0.003233    0.018264
     0.002915    0.017318
     0.002613    0.016374
     0.002328    0.015434
     0.002060    0.014498
     0.001809    0.013566
     0.001575    0.012638
     0.001357    0.011713
     0.001155    0.010793
     0.000970    0.009876
     0.000802    0.008964
     0.000649    0.008056
     0.000514    0.007153
     0.000394    0.006254
     0.000290    0.005360
     0.000202    0.004471
     0.000131    0.003586
     0.000075    0.002707
     0.000034    0.001833
     0.000010    0.000967
     0.000000    0.000106
     0.000006   -0.000753
     0.000027   -0.001615
     0.000065   -0.002480
     0.000119   -0.003350
     0.000191   -0.004222
     0.000280   -0.005096
     0.000388   -0.005972
     0.000515   -0.006849
     0.000661   -0.007727
     0.000827   -0.008605
     0.001014   -0.009484
     0.001221   -0.010363
     0.001450   -0.011241
     0.001701   -0.012118
     0.001974   -0.012993
     0.002270   -0.013866
     0.002588   -0.014736
     0.002930   -0.015603
     0.003295   -0.016467
     0.003684   -0.017327
     0.004096   -0.018182
     0.004533   -0.019032
     0.004994   -0.019876
     0.005479   -0.020715
     0.005987   -0.021548
     0.006520   -0.022374
     0.007078   -0.023193
     0.007659   -0.024004
     0.008264   -0.024809
     0.008893   -0.025605
     0.009545   -0.026394
     0.010222   -0.027175
     0.010921   -0.027948
     0.011644   -0.028712
     0.012390   -0.029469
     0.013160   -0.030217
     0.013952   -0.030957
     0.014767   -0.031689
     0.015606   -0.032413
     0.016466   -0.033129
     0.017350   -0.033837
     0.018257   -0.034538
     0.019186   -0.035231
     0.020138   -0.035918
     0.021114   -0.036597
     0.022112   -0.037270
     0.023134   -0.037936
     0.024180   -0.038595
     0.025249   -0.039249
     0.026342   -0.039897
     0.027459   -0.040540
     0.028602   -0.041177
     0.029769   -0.041809
     0.030962   -0.042437
     0.032181   -0.043061
     0.033426   -0.043680
     0.034699   -0.044296
     0.035999   -0.044908
     0.037328   -0.045517
     0.038685   -0.046124
     0.040073   -0.046728
     0.041490   -0.047329
     0.042940   -0.047929
     0.044422   -0.048528
     0.045937   -0.049125
     0.047486   -0.049721
     0.049070   -0.050316
     0.050692   -0.050912
     0.052350   -0.051507
     0.054048   -0.052103
     0.055786   -0.052700
     0.057566   -0.053297
     0.059389   -0.053896
     0.061256   -0.054497
     0.063170   -0.055100
     0.065132   -0.055706
     0.067143   -0.056314
     0.069206   -0.056926
     0.071322   -0.057541
     0.073494   -0.058160
     0.075723   -0.058784
     0.078012   -0.059412
     0.080363   -0.060045
     0.082777   -0.060683
     0.085258   -0.061327
     0.087807   -0.061977
     0.090428   -0.062633
     0.093122   -0.063296
     0.095892   -0.063965
     0.098740   -0.064642
     0.101669   -0.065325
     0.104680   -0.066015
     0.107776   -0.066712
     0.110959   -0.067417
     0.114231   -0.068128
     0.117594   -0.068847
     0.121049   -0.069571
     0.124596   -0.070302
     0.128238   -0.071038
     0.131974   -0.071779
     0.135804   -0.072523
     0.139729   -0.073271
     0.143747   -0.074020
     0.147857   -0.074770
     0.152057   -0.075518
     0.156346   -0.076265
     0.160722   -0.077007
     0.165181   -0.077743
     0.169720   -0.078471
     0.174338   -0.079189
     0.179029   -0.079894
     0.183792   -0.080586
     0.188625   -0.081261
     0.193523   -0.081917
     0.198485   -0.082552
     0.203510   -0.083164
     0.208597   -0.083751
     0.213745   -0.084312
     0.218954   -0.084847
     0.224223   -0.085356
     0.229550   -0.085839
     0.234935   -0.086295
     0.240378   -0.086725
     0.245876   -0.087127
     0.251430   -0.087503
     0.257037   -0.087851
     0.262698   -0.088172
     0.268411   -0.088465
     0.274175   -0.088731
     0.279988   -0.088969
     0.285851   -0.089180
     0.291762   -0.089364
     0.297719   -0.089519
     0.303723   -0.089648
     0.309771   -0.089749
     0.315863   -0.089822
     0.321998   -0.089869
     0.328175   -0.089888
     0.334393   -0.089881
     0.340650   -0.089846
     0.346947   -0.089785
     0.353281   -0.089698
     0.359653   -0.089584
     0.366061   -0.089444
     0.372505   -0.089278
     0.378983   -0.089087
     0.385494   -0.088870
     0.392039   -0.088628
     0.398615   -0.088362
     0.405222   -0.088070
     0.411860   -0.087754
     0.418528   -0.087414
     0.425224   -0.087050
     0.431948   -0.086663
     0.438700   -0.086252
     0.445478   -0.085818
     0.452282   -0.085361
     0.459112   -0.084882
     0.465966   -0.084381
     0.472843   -0.083858
     0.479744   -0.083313
     0.486667   -0.082747
     0.493612   -0.082160
     0.500578   -0.081552
     0.507565   -0.080924
     0.514571   -0.080276
     0.521596   -0.079608
     0.528640   -0.078920
     0.535702   -0.078213
     0.542782   -0.077487
     0.549878   -0.076743
     0.556990   -0.075980
     0.564117   -0.075199
     0.571259   -0.074399
     0.578416   -0.073583
     0.585586   -0.072749
     0.592769   -0.071898
     0.599964   -0.071030
     0.607171   -0.070145
     0.614390   -0.069245
     0.621618   -0.068328
     0.628857   -0.067395
     0.636105   -0.066447
     0.643361   -0.065483
     0.650625   -0.064505
     0.657897   -0.063511
     0.665175   -0.062503
     0.672459   -0.061480
     0.679748   -0.060443
     0.687041   -0.059393
     0.694338   -0.058328
     0.701638   -0.057250
     0.708939   -0.056159
     0.716242   -0.055055
     0.723544   -0.053938
     0.730846   -0.052808
     0.738145   -0.051666
     0.745441   -0.050512
     0.752733   -0.049346
     0.760018   -0.048169
     0.767297   -0.046980
     0.774566   -0.045781
     0.781824   -0.044571
     0.789069   -0.043351
     0.796300   -0.042122
     0.803513   -0.040883
     0.810707   -0.039636
     0.817877   -0.038380
     0.825022   -0.037117
     0.832138   -0.035847
     0.839220   -0.034572
     0.846265   -0.033291
     0.853268   -0.032006
     0.860225   -0.030718
     0.867129   -0.029428
     0.873975   -0.028138
     0.880758   -0.026848
     0.887471   -0.025560
     0.894106   -0.024276
     0.900657   -0.022998
     0.907117   -0.021727
     0.913478   -0.020464
     0.919734   -0.019213
     0.925876   -0.017974
     0.931899   -0.016749
     0.937795   -0.015541
     0.943560   -0.014351
     0.949186   -0.013181
     0.954671   -0.012031
     0.960010   -0.010905
     0.965200   -0.009802
     0.970239   -0.008723
     0.975127   -0.007671
     0.979864   -0.006644
     0.984449   -0.005644
     0.988884   -0.004670
     0.993172   -0.003724
     0.997315   -0.002804
     1.000000   -0.002205
