
     1.000000    0.002205
     0.993289    0.003994
     0.982486    0.006846
     0.970762    0.009903
     0.958109    0.013157
     0.944551    0.016594
     0.930147    0.020192
     0.914981    0.023920
     0.899157    0.027746
     0.882786    0.031637
     0.865974    0.035565
     0.848815    0.039502
     0.831390    0.043429
     0.813765    0.047327
     0.795993    0.051185
     0.778116    0.054991
     0.760166    0.058738
     0.742169    0.062419
     0.724145    0.066029
     0.706113    0.069563
     0.688087    0.073017
     0.670079    0.076388
     0.652101    0.079670
     0.634163    0.082860
     0.616275    0.085955
     0.598448    0.088950
     0.580689    0.091840
     0.563010    0.094622
     0.545419    0.097290
     0.527926    0.099841
     0.510541    0.102269
     0.493275    0.104570
     0.476137    0.106738
     0.459139    0.108769
     0.442294    0.110657
     0.425613    0.112398
     0.409111    0.113986
     0.392803    0.115417
     0.376705    0.116687
     0.360835    0.117791
     0.345213    0.118725
     0.329860    0.119487
     0.314799    0.120075
     0.300055    0.120488
     0.285655    0.120725
     0.271627    0.120788
     0.257999    0.120680
     0.244799    0.120406
     0.232053    0.119973
     0.219787    0.119390
     0.208019    0.118666
     0.196766    0.117812
     0.186036    0.116830
     0.175821    0.115715
     0.166102    0.114467
     0.156854    0.113086
     0.148053    0.111575
     0.139674    0.109940
     0.131693    0.108186
     0.124089    0.106321
     0.116841    0.104351
     0.109932    0.102284
     0.103345    0.100128
     0.097066    0.097892
     0.091081    0.095583
     0.085377    0.093209
     0.079943    0.090778
     0.074767    0.088298
     0.069839    0.085776
     0.065149    0.083219
     0.060688    0.080634
     0.056446    0.078025
     0.052414    0.075400
     0.048585    0.072763
     0.044950    0.070119
     0.041501    0.067471
     0.038231    0.064824
     0.035133    0.062181
     0.032199    0.059544
     0.029425    0.056916
     0.026803    0.054299
     0.024328    0.051695
     0.021994    0.049105
     0.019798    0.046529
     0.017733    0.043970
     0.015797    0.041427
     0.013984    0.038902
     0.012293    0.036394
     0.010720    0.033904
     0.009261    0.031433
     0.007915    0.028980
     0.006680    0.026546
     0.005554    0.024131
     0.004535    0.021735
     0.003622    0.019360
     0.002814    0.017006
     0.002110    0.014674
     0.001509    0.012365
     0.001010    0.010080
     0.000613    0.007822
     0.000315    0.005591
     0.000117    0.003389
     0.000015    0.001221
     0.000009   -0.000916
     0.000099   -0.003065
     0.000296   -0.005232
     0.000606   -0.007408
     0.001038   -0.009589
     0.001599   -0.011769
     0.002296   -0.013939
     0.003134   -0.016094
     0.004117   -0.018224
     0.005249   -0.020323
     0.006528   -0.022385
     0.007956   -0.024405
     0.009532   -0.026378
     0.011252   -0.028302
     0.013116   -0.030175
     0.015122   -0.031999
     0.017269   -0.033773
     0.019556   -0.035501
     0.021985   -0.037185
     0.024558   -0.038829
     0.027278   -0.040436
     0.030150   -0.042012
     0.033180   -0.043559
     0.036376   -0.045083
     0.039749   -0.046588
     0.043309   -0.048080
     0.047069   -0.049562
     0.051046   -0.051040
     0.055257   -0.052519
     0.059722   -0.054005
     0.064464   -0.055501
     0.069509   -0.057015
     0.074885   -0.058551
     0.080623   -0.060115
     0.086758   -0.061711
     0.093323   -0.063345
     0.100358   -0.065020
     0.107895   -0.066739
     0.115969   -0.068501
     0.124604   -0.070303
     0.133816   -0.072139
     0.143609   -0.073995
     0.153969   -0.075853
     0.164868   -0.077692
     0.176265   -0.079481
     0.188113   -0.081191
     0.200373   -0.082786
     0.213019   -0.084234
     0.226038   -0.085524
     0.239418   -0.086651
     0.253144   -0.087612
     0.267202   -0.088405
     0.281575   -0.089029
     0.296249   -0.089484
     0.311207   -0.089769
     0.326433   -0.089886
     0.341914   -0.089836
     0.357633   -0.089623
     0.373578   -0.089248
     0.389734   -0.088716
     0.406089   -0.088030
     0.422631   -0.087194
     0.439348   -0.086211
     0.456228   -0.085087
     0.473261   -0.083825
     0.490436   -0.082431
     0.507743   -0.080908
     0.525173   -0.079261
     0.542714   -0.077494
     0.560359   -0.075612
     0.578096   -0.073620
     0.595918   -0.071520
     0.613814   -0.069317
     0.631775   -0.067015
     0.649792   -0.064618
     0.667853   -0.062128
     0.685948   -0.059551
     0.704067   -0.056889
     0.722194   -0.054145
     0.740317   -0.051324
     0.758417   -0.048429
     0.776472   -0.045464
     0.794457   -0.042436
     0.812339   -0.039351
     0.830076   -0.036217
     0.847614   -0.033044
     0.864887   -0.029848
     0.881815   -0.026646
     0.898301   -0.023459
     0.914240   -0.020312
     0.929522   -0.017234
     0.944042   -0.014251
     0.957714   -0.011390
     0.970479   -0.008672
     0.982312   -0.006110
     0.993221   -0.003713
     1.000000   -0.002205
