
     1.000000    0.002205
     0.995581    0.003385
     0.988632    0.005228
     0.981283    0.007162
     0.973526    0.009186
     0.965356    0.011298
     0.956779    0.013496
     0.947802    0.015775
     0.938444    0.018126
     0.928725    0.020544
     0.918674    0.023017
     0.908321    0.025538
     0.897699    0.028095
     0.886838    0.030680
     0.875772    0.033284
     0.864530    0.035899
     0.853138    0.038517
     0.841620    0.041132
     0.829999    0.043739
     0.818291    0.046333
     0.806514    0.048910
     0.794679    0.051467
     0.782800    0.054001
     0.770885    0.056509
     0.758943    0.058990
     0.746980    0.061442
     0.735005    0.063863
     0.723020    0.066252
     0.711033    0.068607
     0.699046    0.070927
     0.687064    0.073211
     0.675091    0.075458
     0.663130    0.077666
     0.651183    0.079835
     0.639255    0.081964
     0.627347    0.084050
     0.615464    0.086093
     0.603607    0.088092
     0.591780    0.090046
     0.579984    0.091953
     0.568224    0.093812
     0.556502    0.095621
     0.544820    0.097379
     0.533182    0.099086
     0.521590    0.100739
     0.510048    0.102337
     0.498557    0.103878
     0.487123    0.105362
     0.475747    0.106786
     0.464433    0.108150
     0.453184    0.109451
     0.442005    0.110688
     0.430898    0.111860
     0.419869    0.112966
     0.408921    0.114003
     0.398058    0.114971
     0.387286    0.115869
     0.376610    0.116694
     0.366034    0.117446
     0.355565    0.118123
     0.345208    0.118725
     0.334970    0.119251
     0.324857    0.119701
     0.314877    0.120073
     0.305037    0.120367
     0.295345    0.120584
     0.285809    0.120723
     0.276437    0.120785
     0.267238    0.120772
     0.258219    0.120683
     0.249389    0.120521
     0.240757    0.120287
     0.232328    0.119985
     0.224111    0.119615
     0.216112    0.119181
     0.208336    0.118687
     0.200787    0.118136
     0.193469    0.117529
     0.186382    0.116864
     0.179523    0.116141
     0.172887    0.115359
     0.166467    0.114518
     0.160257    0.113617
     0.154248    0.112659
     0.148433    0.111644
     0.142804    0.110575
     0.137356    0.109451
     0.132081    0.108276
     0.126972    0.107052
     0.122025    0.105780
     0.117232    0.104462
     0.112590    0.103102
     0.108093    0.101701
     0.103737    0.100262
     0.099517    0.098787
     0.095429    0.097278
     0.091470    0.095739
     0.087635    0.094170
     0.083922    0.092575
     0.080326    0.090955
     0.076845    0.089314
     0.073475    0.087653
     0.070214    0.085974
     0.067058    0.084279
     0.064004    0.082570
     0.061051    0.080850
     0.058195    0.079119
     0.055434    0.077380
     0.052765    0.075634
     0.050185    0.073883
     0.047693    0.072127
     0.045285    0.070369
     0.042961    0.068609
     0.040716    0.066849
     0.038550    0.065089
     0.036461    0.063331
     0.034445    0.061575
     0.032502    0.059823
     0.030629    0.058074
     0.028825    0.056330
     0.027087    0.054590
     0.025415    0.052856
     0.023806    0.051129
     0.022260    0.049407
     0.020774    0.047692
     0.019348    0.045984
     0.017979    0.044283
     0.016668    0.042589
     0.015412    0.040903
     0.014210    0.039225
     0.013062    0.037554
     0.011967    0.035891
     0.010923    0.034237
     0.009931    0.032590
     0.008989    0.030951
     0.008096    0.029321
     0.007253    0.027699
     0.006458    0.026085
     0.005710    0.024480
     0.005011    0.022884
     0.004358    0.021296
     0.003753    0.019717
     0.003193    0.018148
     0.002680    0.016588
     0.002213    0.015038
     0.001791    0.013498
     0.001415    0.011968
     0.001084    0.010449
     0.000798    0.008942
     0.000556    0.007446
     0.000358    0.005963
     0.000204    0.004493
     0.000094    0.003035
     0.000026    0.001594
     0.000000    0.000169
     0.000016   -0.001250
     0.000076   -0.002678
     0.000181   -0.004115
     0.000335   -0.005558
     0.000539   -0.007005
     0.000797   -0.008455
     0.001111   -0.009905
     0.001482   -0.011354
     0.001912   -0.012800
     0.002404   -0.014240
     0.002958   -0.015673
     0.003577   -0.017095
     0.004260   -0.018506
     0.005008   -0.019903
     0.005823   -0.021283
     0.006703   -0.022646
     0.007648   -0.023990
     0.008659   -0.025313
     0.009734   -0.026615
     0.010873   -0.027896
     0.012076   -0.029154
     0.013343   -0.030390
     0.014671   -0.031604
     0.016062   -0.032796
     0.017515   -0.033967
     0.019031   -0.035117
     0.020609   -0.036248
     0.022249   -0.037360
     0.023953   -0.038454
     0.025722   -0.039532
     0.027557   -0.040595
     0.029459   -0.041643
     0.031430   -0.042679
     0.033473   -0.043703
     0.035589   -0.044717
     0.037783   -0.045722
     0.040055   -0.046720
     0.042412   -0.047712
     0.044855   -0.048700
     0.047390   -0.049684
     0.050021   -0.050667
     0.052753   -0.051650
     0.055592   -0.052634
     0.058544   -0.053620
     0.061616   -0.054612
     0.064815   -0.055609
     0.068148   -0.056614
     0.071625   -0.057628
     0.075253   -0.058653
     0.079042   -0.059691
     0.083001   -0.060742
     0.087142   -0.061809
     0.091475   -0.062892
     0.096011   -0.063994
     0.100759   -0.065114
     0.105731   -0.066253
     0.110937   -0.067412
     0.116384   -0.068590
     0.122080   -0.069785
     0.128030   -0.070996
     0.134237   -0.072220
     0.140701   -0.073453
     0.147418   -0.074690
     0.154382   -0.075925
     0.161584   -0.077150
     0.169011   -0.078358
     0.176652   -0.079540
     0.184491   -0.080685
     0.192517   -0.081785
     0.200718   -0.082828
     0.209090   -0.083806
     0.217628   -0.084714
     0.226330   -0.085551
     0.235191   -0.086316
     0.244207   -0.087008
     0.253373   -0.087627
     0.262687   -0.088171
     0.272141   -0.088641
     0.281734   -0.089035
     0.291458   -0.089355
     0.301311   -0.089600
     0.311287   -0.089770
     0.321381   -0.089865
     0.331590   -0.089887
     0.341908   -0.089836
     0.352333   -0.089713
     0.362859   -0.089517
     0.373482   -0.089251
     0.384199   -0.088915
     0.395006   -0.088511
     0.405899   -0.088039
     0.416874   -0.087500
     0.427928   -0.086897
     0.439058   -0.086229
     0.450261   -0.085499
     0.461532   -0.084707
     0.472870   -0.083856
     0.484270   -0.082945
     0.495731   -0.081977
     0.507248   -0.080953
     0.518820   -0.079874
     0.530442   -0.078741
     0.542113   -0.077557
     0.553830   -0.076321
     0.565589   -0.075035
     0.577389   -0.073701
     0.589225   -0.072319
     0.601097   -0.070892
     0.612999   -0.069419
     0.624931   -0.067903
     0.636889   -0.066343
     0.648870   -0.064742
     0.660871   -0.063101
     0.672889   -0.061419
     0.684921   -0.059699
     0.696963   -0.057942
     0.709012   -0.056148
     0.721064   -0.054318
     0.733113   -0.052454
     0.745156   -0.050557
     0.757187   -0.048628
     0.769198   -0.046668
     0.781184   -0.044678
     0.793136   -0.042661
     0.805043   -0.040619
     0.816894   -0.038553
     0.828676   -0.036467
     0.840373   -0.034363
     0.851966   -0.032246
     0.863434   -0.030120
     0.874752   -0.027991
     0.885895   -0.025864
     0.896832   -0.023746
     0.907532   -0.021645
     0.917962   -0.019568
     0.928090   -0.017525
     0.937885   -0.015523
     0.947320   -0.013570
     0.956372   -0.011673
     0.965025   -0.009839
     0.973268   -0.008072
     0.981098   -0.006375
     0.988518   -0.004751
     0.995536   -0.003200
     1.000000   -0.002205
