NACA 23021                                      
 Alfa =  15.00000 Re =        0.000 Xflap,Yflap =     0.000000    0.000000
#    x        y        Cp  
   1.00000  0.00221  0.61432
   0.99329  0.00399  0.42588
   0.98249  0.00685  0.33312
   0.97076  0.00990  0.25932
   0.95811  0.01316  0.19841
   0.94455  0.01659  0.14308
   0.93015  0.02019  0.09121
   0.91498  0.02392  0.04240
   0.89916  0.02775 -0.00480
   0.88279  0.03164 -0.05073
   0.86597  0.03556 -0.09533
   0.84881  0.03950 -0.13928
   0.83139  0.04343 -0.18214
   0.81377  0.04733 -0.22498
   0.79599  0.05118 -0.26742
   0.77812  0.05499 -0.30928
   0.76017  0.05874 -0.35197
   0.74217  0.06242 -0.39434
   0.72415  0.06603 -0.43722
   0.70611  0.06956 -0.48066
   0.68809  0.07302 -0.52463
   0.67008  0.07639 -0.56964
   0.65210  0.07967 -0.61513
   0.63416  0.08286 -0.66201
   0.61628  0.08596 -0.70992
   0.59845  0.08895 -0.75909
   0.58069  0.09184 -0.80958
   0.56301  0.09462 -0.86197
   0.54542  0.09729 -0.91532
   0.52793  0.09984 -0.97125
   0.51054  0.10227 -1.02840
   0.49327  0.10457 -1.08786
   0.47614  0.10674 -1.14945
   0.45914  0.10877 -1.21287
   0.44229  0.11066 -1.27928
   0.42561  0.11240 -1.34803
   0.40911  0.11399 -1.41880
   0.39280  0.11542 -1.49313
   0.37671  0.11669 -1.56999
   0.36084  0.11779 -1.65005
   0.34521  0.11873 -1.73316
   0.32986  0.11949 -1.81929
   0.31480  0.12008 -1.90955
   0.30006  0.12049 -2.00266
   0.28566  0.12072 -2.10035
   0.27163  0.12079 -2.20118
   0.25800  0.12068 -2.30649
   0.24480  0.12041 -2.41642
   0.23205  0.11997 -2.53123
   0.21979  0.11939 -2.65090
   0.20802  0.11867 -2.77885
   0.19677  0.11781 -2.91900
   0.18604  0.11683 -3.07149
   0.17582  0.11572 -3.22679
   0.16610  0.11447 -3.38284
   0.15685  0.11309 -3.53554
   0.14805  0.11158 -3.68537
   0.13967  0.10994 -3.83021
   0.13169  0.10819 -3.96750
   0.12409  0.10632 -4.09793
   0.11684  0.10435 -4.22192
   0.10993  0.10228 -4.33567
   0.10335  0.10013 -4.44251
   0.09707  0.09789 -4.53840
   0.09108  0.09558 -4.62821
   0.08538  0.09321 -4.70795
   0.07994  0.09078 -4.77941
   0.07477  0.08830 -4.84288
   0.06984  0.08578 -4.89940
   0.06515  0.08322 -4.94707
   0.06069  0.08063 -4.99044
   0.05645  0.07803 -5.02449
   0.05241  0.07540 -5.05485
   0.04859  0.07276 -5.07819
   0.04495  0.07012 -5.09904
   0.04150  0.06747 -5.11281
   0.03823  0.06482 -5.12365
   0.03513  0.06218 -5.13088
   0.03220  0.05954 -5.13334
   0.02942  0.05692 -5.13352
   0.02680  0.05430 -5.13082
   0.02433  0.05170 -5.12292
   0.02199  0.04910 -5.11360
   0.01980  0.04653 -5.10055
   0.01773  0.04397 -5.08371
   0.01580  0.04143 -5.06333
   0.01398  0.03890 -5.03958
   0.01229  0.03639 -5.00886
   0.01072  0.03390 -4.97723
   0.00926  0.03143 -4.93482
   0.00792  0.02898 -4.89142
   0.00668  0.02655 -4.83580
   0.00555  0.02413 -4.77811
   0.00453  0.02174 -4.70482
   0.00362  0.01936 -4.62621
   0.00281  0.01701 -4.53406
   0.00211  0.01467 -4.43210
   0.00151  0.01237 -4.31164
   0.00101  0.01008 -4.18804
   0.00061  0.00782 -4.04072
   0.00032  0.00559 -3.88793
   0.00012  0.00339 -3.71516
   0.00002  0.00122 -3.54236
   0.00001 -0.00092 -3.35302
   0.00010 -0.00306 -3.16407
   0.00030 -0.00523 -2.95375
   0.00061 -0.00741 -2.72759
   0.00104 -0.00959 -2.48527
   0.00160 -0.01177 -2.22045
   0.00230 -0.01394 -1.94470
   0.00313 -0.01609 -1.65779
   0.00412 -0.01822 -1.36871
   0.00525 -0.02032 -1.07900
   0.00653 -0.02239 -0.80177
   0.00796 -0.02440 -0.53808
   0.00953 -0.02638 -0.29712
   0.01125 -0.02830 -0.07730
   0.01312 -0.03018  0.11649
   0.01512 -0.03200  0.28714
   0.01727 -0.03377  0.43016
   0.01956 -0.03550  0.55354
   0.02199 -0.03719  0.65538
   0.02456 -0.03883  0.73932
   0.02728 -0.04044  0.80760
   0.03015 -0.04201  0.86225
   0.03318 -0.04356  0.90531
   0.03638 -0.04508  0.93825
   0.03975 -0.04659  0.96280
   0.04331 -0.04808  0.98027
   0.04707 -0.04956  0.99177
   0.05105 -0.05104  0.99804
   0.05526 -0.05252  1.00000
   0.05972 -0.05400  0.99823
   0.06446 -0.05550  0.99327
   0.06951 -0.05702  0.98551
   0.07489 -0.05855  0.97525
   0.08062 -0.06011  0.96287
   0.08676 -0.06171  0.94840
   0.09332 -0.06335  0.93203
   0.10036 -0.06502  0.91396
   0.10790 -0.06674  0.89420
   0.11597 -0.06850  0.87278
   0.12460 -0.07030  0.84957
   0.13382 -0.07214  0.82497
   0.14361 -0.07399  0.79863
   0.15397 -0.07585  0.77102
   0.16487 -0.07769  0.74206
   0.17626 -0.07948  0.71197
   0.18811 -0.08119  0.68141
   0.20037 -0.08279  0.65068
   0.21302 -0.08423  0.62156
   0.22604 -0.08552  0.59364
   0.23942 -0.08665  0.56714
   0.25314 -0.08761  0.54186
   0.26720 -0.08841  0.51786
   0.28158 -0.08903  0.49523
   0.29625 -0.08948  0.47374
   0.31121 -0.08977  0.45363
   0.32643 -0.08989  0.43470
   0.34191 -0.08984  0.41705
   0.35763 -0.08962  0.40070
   0.37358 -0.08925  0.38525
   0.38973 -0.08872  0.37116
   0.40609 -0.08803  0.35799
   0.42263 -0.08719  0.34572
   0.43935 -0.08621  0.33442
   0.45623 -0.08509  0.32426
   0.47326 -0.08383  0.31466
   0.49044 -0.08243  0.30600
   0.50774 -0.08091  0.29812
   0.52517 -0.07926  0.29072
   0.54271 -0.07749  0.28422
   0.56036 -0.07561  0.27820
   0.57810 -0.07362  0.27292
   0.59592 -0.07152  0.26797
   0.61381 -0.06932  0.26370
   0.63178 -0.06701  0.26017
   0.64979 -0.06462  0.25693
   0.66785 -0.06213  0.25445
   0.68595 -0.05955  0.25215
   0.70407 -0.05689  0.25048
   0.72219 -0.05414  0.24955
   0.74032 -0.05132  0.24935
   0.75842 -0.04843  0.24930
   0.77647 -0.04546  0.25047
   0.79446 -0.04244  0.25189
   0.81234 -0.03935  0.25455
   0.83008 -0.03622  0.25822
   0.84761 -0.03304  0.26295
   0.86489 -0.02985  0.26870
   0.88181 -0.02665  0.27628
   0.89830 -0.02346  0.28558
   0.91424 -0.02031  0.29697
   0.92952 -0.01723  0.31076
   0.94404 -0.01425  0.32772
   0.95771 -0.01139  0.34908
   0.97048 -0.00867  0.37678
   0.98231 -0.00611  0.41491
   0.99322 -0.00371  0.47397
   1.00000 -0.00221  0.61432
