     1.000000    0.002205
     0.992513    0.004200
     0.980366    0.007402
     0.967077    0.010855
     0.952644    0.014549
     0.937118    0.018458
     0.920596    0.022546
     0.903213    0.026771
     0.885118    0.031087
     0.866458    0.035452
     0.847366    0.039831
     0.827953    0.044195
     0.808306    0.048520
     0.788494    0.052790
     0.768569    0.056993
     0.748572    0.061118
     0.728534    0.065157
     0.708479    0.069104
     0.688430    0.072952
     0.668404    0.076697
     0.648415    0.080333
     0.628479    0.083853
     0.608609    0.087254
     0.588818    0.090529
     0.569119    0.093672
     0.549526    0.096676
     0.530051    0.099537
     0.510708    0.102247
     0.491511    0.104799
     0.472474    0.107186
     0.453615    0.109402
     0.434949    0.111440
     0.416494    0.113292
     0.398270    0.114953
     0.380299    0.116416
     0.362606    0.117675
     0.345215    0.118725
     0.328158    0.119562
     0.311465    0.120183
     0.295172    0.120587
     0.279316    0.120774
     0.263936    0.120748
     0.249070    0.120514
     0.234755    0.120080
     0.221027    0.119457
     0.207913    0.118658
     0.195437    0.117699
     0.183606    0.116582
     0.172407    0.115299
     0.161812    0.113851
     0.151786    0.112240
     0.142294    0.110473
     0.133305    0.108557
     0.124786    0.106500
     0.116710    0.104314
     0.109053    0.102007
     0.101793    0.099593
     0.094909    0.097080
     0.088383    0.094482
     0.082198    0.091808
     0.076338    0.089069
     0.070788    0.086275
     0.065536    0.083436
     0.060567    0.080561
     0.055869    0.077659
     0.051430    0.074736
     0.047239    0.071800
     0.043284    0.068858
     0.039555    0.065913
     0.036042    0.062971
     0.032736    0.060037
     0.029627    0.057113
     0.026708    0.054202
     0.023970    0.051307
     0.021407    0.048430
     0.019011    0.045571
     0.016776    0.042732
     0.014698    0.039915
     0.012771    0.037119
     0.010991    0.034345
     0.009353    0.031594
     0.007855    0.028866
     0.006494    0.026161
     0.005267    0.023480
     0.004172    0.020823
     0.003208    0.018192
     0.002374    0.015587
     0.001667    0.013010
     0.001087    0.010463
     0.000632    0.007947
     0.000302    0.005466
     0.000093    0.003021
     0.000004    0.000620
     0.000032   -0.001757
     0.000185   -0.004157
     0.000473   -0.006574
     0.000908   -0.008999
     0.001501   -0.011424
     0.002260   -0.013839
     0.003194   -0.016234
     0.004308   -0.018600
     0.005605   -0.020926
     0.007085   -0.023203
     0.008748   -0.025426
     0.010593   -0.027589
     0.012616   -0.029691
     0.014814   -0.031730
     0.017187   -0.033709
     0.019734   -0.035629
     0.022457   -0.037496
     0.025357   -0.039314
     0.028442   -0.041089
     0.031717   -0.042825
     0.035193   -0.044531
     0.038882   -0.046211
     0.042800   -0.047872
     0.046963   -0.049521
     0.051393   -0.051165
     0.056115   -0.052811
     0.061156   -0.054465
     0.066550   -0.056136
     0.072332   -0.057831
     0.078544   -0.059557
     0.085231   -0.061321
     0.092441   -0.063130
     0.100224   -0.064989
     0.108629   -0.066903
     0.117700   -0.068869
     0.127470   -0.070884
     0.137958   -0.072935
     0.149158   -0.075003
     0.161042   -0.077060
     0.173561   -0.079069
     0.186653   -0.080989
     0.200258   -0.082772
     0.214342   -0.084375
     0.228885   -0.085780
     0.243872   -0.086984
     0.259281   -0.087982
     0.275091   -0.088770
     0.291281   -0.089350
     0.307830   -0.089719
     0.324715   -0.089881
     0.341916   -0.089836
     0.359413   -0.089589
     0.377187   -0.089143
     0.395218   -0.088502
     0.413491   -0.087673
     0.431988   -0.086660
     0.450693   -0.085470
     0.469591   -0.084108
     0.488669   -0.082580
     0.507910   -0.080893
     0.527303   -0.079052
     0.546833   -0.077064
     0.566487   -0.074935
     0.586253   -0.072670
     0.606118   -0.070276
     0.626068   -0.067756
     0.646090   -0.065117
     0.666170   -0.062364
     0.686294   -0.059501
     0.706446   -0.056533
     0.726607   -0.053465
     0.746756   -0.050302
     0.766869   -0.047050
     0.786912   -0.043716
     0.806846   -0.040307
     0.826617   -0.036834
     0.846156   -0.033311
     0.865375   -0.029757
     0.884162   -0.026196
     0.902386   -0.022659
     0.919898   -0.019180
     0.936549   -0.015797
     0.952202   -0.012550
     0.966761   -0.009468
     0.980172   -0.006577
     0.992437   -0.003886
     1.000000   -0.002205
