NACA 23021                                      
 Alfa =   0.00000 Re =        0.000 Xflap,Yflap =     0.000000    0.000000
#    x        y        Cp  
   1.00000  0.00221  0.58094
   0.99251  0.00420  0.39286
   0.98037  0.00740  0.30670
   0.96708  0.01086  0.24264
   0.95264  0.01455  0.19198
   0.93712  0.01846  0.14777
   0.92060  0.02255  0.10826
   0.90321  0.02677  0.07230
   0.88512  0.03109  0.03875
   0.86646  0.03545  0.00733
   0.84737  0.03983 -0.02201
   0.82795  0.04419 -0.05018
   0.80831  0.04852 -0.07707
   0.78849  0.05279 -0.10305
   0.76857  0.05699 -0.12790
   0.74857  0.06112 -0.15278
   0.72853  0.06516 -0.17666
   0.70848  0.06910 -0.20047
   0.68843  0.07295 -0.22399
   0.66840  0.07670 -0.24755
   0.64841  0.08033 -0.27087
   0.62848  0.08385 -0.29443
   0.60861  0.08725 -0.31795
   0.58882  0.09053 -0.34177
   0.56912  0.09367 -0.36574
   0.54953  0.09668 -0.38984
   0.53005  0.09954 -0.41430
   0.51071  0.10225 -0.43893
   0.49151  0.10480 -0.46394
   0.47247  0.10719 -0.48915
   0.45361  0.10940 -0.51460
   0.43495  0.11144 -0.54035
   0.41649  0.11329 -0.56618
   0.39827  0.11495 -0.59203
   0.38030  0.11642 -0.61831
   0.36261  0.11767 -0.64434
   0.34522  0.11872 -0.67062
   0.32816  0.11956 -0.69658
   0.31147  0.12018 -0.72248
   0.29517  0.12059 -0.74818
   0.27932  0.12077 -0.77357
   0.26394  0.12075 -0.79874
   0.24907  0.12051 -0.82331
   0.23476  0.12008 -0.84840
   0.22103  0.11946 -0.87275
   0.20791  0.11866 -0.89893
   0.19544  0.11770 -0.92894
   0.18361  0.11658 -0.96161
   0.17241  0.11530 -0.99138
   0.16181  0.11385 -1.01644
   0.15179  0.11224 -1.03566
   0.14229  0.11047 -1.04815
   0.13330  0.10856 -1.05346
   0.12479  0.10650 -1.05171
   0.11671  0.10431 -1.04244
   0.10905  0.10201 -1.02517
   0.10179  0.09959 -1.00136
   0.09491  0.09708 -0.97083
   0.08838  0.09448 -0.93292
   0.08220  0.09181 -0.89019
   0.07634  0.08907 -0.84186
   0.07079  0.08627 -0.78844
   0.06554  0.08344 -0.73090
   0.06057  0.08056 -0.66950
   0.05587  0.07766 -0.60500
   0.05143  0.07474 -0.53734
   0.04724  0.07180 -0.46866
   0.04328  0.06886 -0.39649
   0.03955  0.06591 -0.32433
   0.03604  0.06297 -0.25021
   0.03274  0.06004 -0.17567
   0.02963  0.05711 -0.10066
   0.02671  0.05420 -0.02510
   0.02397  0.05131  0.05082
   0.02141  0.04843  0.12570
   0.01901  0.04557  0.20028
   0.01678  0.04273  0.27508
   0.01470  0.03991  0.34787
   0.01277  0.03712  0.41997
   0.01099  0.03435  0.49080
   0.00935  0.03159  0.55940
   0.00786  0.02887  0.62532
   0.00649  0.02616  0.68880
   0.00527  0.02348  0.74836
   0.00417  0.02082  0.80431
   0.00321  0.01819  0.85430
   0.00237  0.01559  0.89902
   0.00167  0.01301  0.93655
   0.00109  0.01046  0.96638
   0.00063  0.00795  0.98722
   0.00030  0.00547  0.99835
   0.00009  0.00302  0.99892
   0.00000  0.00062  0.98827
   0.00003 -0.00176  0.96568
   0.00018 -0.00416  0.92977
   0.00047 -0.00657  0.87903
   0.00091 -0.00900  0.81258
   0.00150 -0.01142  0.73132
   0.00226 -0.01384  0.63711
   0.00319 -0.01623  0.53051
   0.00431 -0.01860  0.41762
   0.00560 -0.02093  0.30136
   0.00708 -0.02320  0.18816
   0.00875 -0.02543  0.07990
   0.01059 -0.02759 -0.01803
   0.01262 -0.02969 -0.10584
   0.01481 -0.03173 -0.18085
   0.01719 -0.03371 -0.24348
   0.01973 -0.03563 -0.29414
   0.02246 -0.03750 -0.33522
   0.02536 -0.03931 -0.36679
   0.02844 -0.04109 -0.38972
   0.03172 -0.04283 -0.40760
   0.03519 -0.04453 -0.41865
   0.03888 -0.04621 -0.42628
   0.04280 -0.04787 -0.43007
   0.04696 -0.04952 -0.43062
   0.05139 -0.05117 -0.43097
   0.05611 -0.05281 -0.42880
   0.06116 -0.05447 -0.42589
   0.06655 -0.05614 -0.42332
   0.07233 -0.05783 -0.41952
   0.07854 -0.05956 -0.41774
   0.08523 -0.06132 -0.41629
   0.09244 -0.06313 -0.41606
   0.10022 -0.06499 -0.41745
   0.10863 -0.06690 -0.42090
   0.11770 -0.06887 -0.42668
   0.12747 -0.07088 -0.43516
   0.13796 -0.07294 -0.44641
   0.14916 -0.07500 -0.46006
   0.16104 -0.07706 -0.47634
   0.17356 -0.07907 -0.49392
   0.18665 -0.08099 -0.51193
   0.20026 -0.08277 -0.52778
   0.21434 -0.08437 -0.53558
   0.22889 -0.08578 -0.53717
   0.24387 -0.08698 -0.53559
   0.25928 -0.08798 -0.53069
   0.27509 -0.08877 -0.52358
   0.29128 -0.08935 -0.51473
   0.30783 -0.08972 -0.50388
   0.32472 -0.08988 -0.49164
   0.34192 -0.08984 -0.47841
   0.35941 -0.08959 -0.46395
   0.37719 -0.08914 -0.44879
   0.39522 -0.08850 -0.43299
   0.41349 -0.08767 -0.41628
   0.43199 -0.08666 -0.39945
   0.45069 -0.08547 -0.38213
   0.46959 -0.08411 -0.36457
   0.48867 -0.08258 -0.34668
   0.50791 -0.08089 -0.32863
   0.52730 -0.07905 -0.31074
   0.54683 -0.07706 -0.29226
   0.56649 -0.07494 -0.27401
   0.58625 -0.07267 -0.25583
   0.60612 -0.07028 -0.23727
   0.62607 -0.06776 -0.21866
   0.64609 -0.06512 -0.20015
   0.66617 -0.06236 -0.18121
   0.68629 -0.05950 -0.16235
   0.70645 -0.05653 -0.14299
   0.72661 -0.05347 -0.12327
   0.74676 -0.05030 -0.10336
   0.76687 -0.04705 -0.08259
   0.78691 -0.04372 -0.06122
   0.80685 -0.04031 -0.03902
   0.82662 -0.03683 -0.01570
   0.84616 -0.03331  0.00883
   0.86537 -0.02976  0.03497
   0.88416 -0.02620  0.06302
   0.90239 -0.02266  0.09310
   0.91990 -0.01918  0.12627
   0.93655 -0.01580  0.16250
   0.95220 -0.01255  0.20365
   0.96676 -0.00947  0.25169
   0.98017 -0.00658  0.31238
   0.99244 -0.00389  0.39598
   1.00000 -0.00221  0.58094
